customer_id,purchase_date,amount,product_name,location_code
1206,2025-01-01,1044.18,Headphones,RUS01
1063,2025-01-01,344.6,Mouse,HYE01
1254,2025-01-01,145.25,Monitor,KGL02
1197,2025-01-01,316.85,Printer,RUS01
1395,2025-01-01,105.4,Tablet,MUS01
1192,2025-01-01,478.5,Headphones,KGL01
1085,2025-01-01,149.0,Laptop,RUS01
1330,2025-01-01,850.12,Printer,RUS01
1070,2025-01-01,35.72,Tablet,MUS01
1225,2025-01-01,596.79,Mouse,HYE01
1295,2025-01-01,557.49,Printer,KGL01
1362,2025-01-01,645.24,Tablet,HYE01
1260,2025-01-01,969.34,Monitor,KGL02
1302,2025-01-01,121.41,Laptop,MUS01
1355,2025-01-01,1098.96,Mouse,MUS01
1197,2025-01-01,529.15,Monitor,KGL01
1041,2025-01-01,488.49,Printer,MUS01
1021,2025-01-01,347.33,Headphones,KGL01
1095,2025-01-01,988.51,Phone,MUS01
1079,2025-01-01,1192.64,Headphones,KGL02
1134,2025-01-01,82.22,Phone,KGL02
1369,2025-01-01,1023.75,Mouse,RUS01
1101,2025-01-01,375.48,Headphones,KGL02
1144,2025-01-01,279.62,Monitor,KGL01
1327,2025-01-02,220.99,Keyboard,MUS01
1383,2025-01-02,127.09,Tablet,KGL02
1062,2025-01-02,1014.61,Monitor,RUS01
1060,2025-01-02,1100.93,Tablet,KGL01
1263,2025-01-02,923.46,Phone,KGL01
1029,2025-01-02,695.38,Keyboard,HYE01
1316,2025-01-02,898.17,Phone,KGL01
1382,2025-01-02,808.62,Mouse,HYE01
1392,2025-01-02,653.82,Printer,KGL01
1272,2025-01-02,1052.15,Tablet,KGL01
1066,2025-01-02,326.54,Keyboard,HYE01
1212,2025-01-02,430.07,Tablet,RUS01
1361,2025-01-02,1173.71,Phone,KGL02
1199,2025-01-02,318.75,Monitor,KGL01
1077,2025-01-02,697.38,Keyboard,KGL02
1394,2025-01-02,827.39,Headphones,MUS01
1121,2025-01-02,550.91,Tablet,MUS01
1298,2025-01-02,224.11,Phone,HYE01
1243,2025-01-02,901.53,Phone,RUS01
1278,2025-01-02,768.46,Headphones,HYE01
1218,2025-01-02,1022.3,Laptop,KGL01
1296,2025-01-03,783.16,Laptop,KGL01
1002,2025-01-03,922.65,Keyboard,RUS01
1282,2025-01-03,120.07,Monitor,KGL01
1298,2025-01-03,295.13,Monitor,MUS01
1192,2025-01-03,1190.93,Mouse,MUS01
1217,2025-01-03,417.86,Phone,HYE01
1389,2025-01-03,114.49,Phone,HYE01
1189,2025-01-03,316.08,Headphones,HYE01
1057,2025-01-03,141.7,Tablet,KGL02
1131,2025-01-03,705.29,Laptop,KGL01
1012,2025-01-03,78.87,Laptop,RUS01
1066,2025-01-03,725.53,Mouse,KGL01
1398,2025-01-03,306.22,Headphones,RUS01
1063,2025-01-03,730.04,Phone,KGL02
1136,2025-01-03,1072.6,Keyboard,RUS01
1031,2025-01-03,1086.23,Laptop,KGL02
1142,2025-01-03,550.09,Laptop,HYE01
1247,2025-01-03,654.83,Phone,KGL02
1101,2025-01-03,313.95,Keyboard,RUS01
1145,2025-01-03,1107.59,Laptop,KGL01
1096,2025-01-03,203.49,Monitor,KGL01
1344,2025-01-04,885.29,Headphones,MUS01
1338,2025-01-04,584.08,Phone,KGL01
1222,2025-01-04,920.18,Mouse,MUS01
1322,2025-01-04,496.37,Printer,HYE01
1211,2025-01-04,940.89,Monitor,KGL01
1133,2025-01-04,129.3,Tablet,KGL02
1075,2025-01-04,947.16,Mouse,HYE01
1001,2025-01-04,372.63,Mouse,MUS01
1166,2025-01-04,672.13,Tablet,MUS01
1216,2025-01-04,655.42,Keyboard,KGL02
1338,2025-01-04,61.28,Printer,HYE01
1142,2025-01-04,875.51,Mouse,HYE01
1240,2025-01-04,1169.86,Phone,RUS01
1328,2025-01-04,1021.9,Monitor,HYE01
1356,2025-01-04,151.69,Mouse,HYE01
1031,2025-01-04,493.94,Mouse,KGL02
1113,2025-01-04,1023.02,Mouse,HYE01
1128,2025-01-04,743.14,Monitor,HYE01
1113,2025-01-04,91.2,Headphones,KGL01
1203,2025-01-04,277.93,Mouse,KGL01
1303,2025-01-04,112.19,Phone,KGL02
1135,2025-01-04,1087.03,Phone,HYE01
1011,2025-01-04,864.03,Monitor,KGL01
1196,2025-01-04,419.19,Phone,KGL02
1275,2025-01-05,910.39,Mouse,KGL02
1086,2025-01-05,1117.3,Laptop,MUS01
1035,2025-01-05,190.28,Keyboard,HYE01
1219,2025-01-05,310.33,Keyboard,KGL01
1124,2025-01-05,639.91,Laptop,RUS01
1332,2025-01-05,1034.06,Printer,HYE01
1217,2025-01-05,1149.16,Printer,HYE01
1353,2025-01-05,684.48,Mouse,KGL01
1104,2025-01-05,816.52,Printer,RUS01
1220,2025-01-05,1030.16,Headphones,KGL01
1072,2025-01-05,841.63,Monitor,HYE01
1226,2025-01-05,307.61,Laptop,KGL01
1226,2025-01-05,81.09,Tablet,HYE01
1271,2025-01-05,1028.94,Laptop,MUS01
1373,2025-01-05,1113.5,Keyboard,HYE01
1090,2025-01-05,810.94,Phone,RUS01
1125,2025-01-05,423.21,Laptop,KGL01
1220,2025-01-05,696.13,Keyboard,RUS01
1081,2025-01-05,746.49,Monitor,KGL02
1161,2025-01-05,781.0,Printer,KGL02
1147,2025-01-05,382.18,Phone,KGL01
1161,2025-01-05,1166.95,Monitor,RUS01
1003,2025-01-05,296.03,Headphones,KGL01
1115,2025-01-05,803.31,Keyboard,KGL01
1096,2025-01-06,895.34,Keyboard,RUS01
1288,2025-01-06,149.02,Tablet,KGL02
1164,2025-01-06,648.24,Laptop,MUS01
1276,2025-01-06,490.24,Phone,KGL01
1000,2025-01-06,256.34,Phone,MUS01
1342,2025-01-06,181.6,Laptop,RUS01
1209,2025-01-06,966.72,Keyboard,KGL02
1141,2025-01-06,1185.92,Keyboard,RUS01
1144,2025-01-06,902.12,Phone,RUS01
1110,2025-01-06,1010.38,Monitor,KGL02
1382,2025-01-06,1048.57,Monitor,HYE01
1187,2025-01-06,991.69,Phone,RUS01
1033,2025-01-06,953.54,Phone,HYE01
1391,2025-01-06,994.78,Monitor,RUS01
1261,2025-01-06,908.42,Headphones,HYE01
1230,2025-01-06,565.45,Phone,HYE01
1327,2025-01-06,891.84,Laptop,KGL01
1308,2025-01-06,148.14,Monitor,KGL02
1244,2025-01-06,602.18,Headphones,MUS01
1085,2025-01-06,418.94,Monitor,HYE01
1291,2025-01-06,895.4,Mouse,MUS01
1309,2025-01-06,1014.28,Tablet,KGL02
1365,2025-01-06,342.47,Tablet,MUS01
1358,2025-01-06,291.24,Laptop,KGL01
1144,2025-01-06,354.9,Monitor,KGL01
1324,2025-01-06,716.43,Headphones,KGL02
1396,2025-01-07,977.88,Laptop,RUS01
1396,2025-01-07,169.22,Printer,MUS01
1049,2025-01-07,1169.28,Keyboard,KGL01
1259,2025-01-07,948.73,Keyboard,KGL01
1259,2025-01-07,1089.76,Mouse,KGL02
1012,2025-01-07,862.51,Laptop,HYE01
1218,2025-01-07,531.94,Tablet,RUS01
1121,2025-01-07,1045.07,Phone,RUS01
1053,2025-01-07,734.89,Printer,RUS01
1229,2025-01-07,139.72,Mouse,RUS01
1315,2025-01-07,1183.79,Keyboard,RUS01
1162,2025-01-07,477.66,Monitor,RUS01
1155,2025-01-07,578.86,Phone,KGL02
1395,2025-01-07,171.42,Headphones,KGL02
1061,2025-01-07,745.76,Mouse,MUS01
1346,2025-01-07,1154.86,Tablet,MUS01
1100,2025-01-07,1053.54,Monitor,HYE01
1321,2025-01-07,277.29,Keyboard,KGL01
1339,2025-01-07,1070.31,Keyboard,RUS01
1057,2025-01-07,743.22,Phone,KGL01
1319,2025-01-07,143.89,Keyboard,MUS01
1031,2025-01-07,211.91,Printer,KGL01
1062,2025-01-07,446.68,Monitor,KGL02
1292,2025-01-08,333.85,Phone,RUS01
1230,2025-01-08,1187.52,Headphones,HYE01
1337,2025-01-08,107.69,Headphones,KGL02
1169,2025-01-08,863.97,Monitor,HYE01
1304,2025-01-08,1018.24,Keyboard,HYE01
1211,2025-01-08,322.74,Headphones,HYE01
1034,2025-01-08,637.48,Printer,KGL01
1399,2025-01-08,220.93,Phone,KGL01
1194,2025-01-08,311.4,Mouse,KGL01
1310,2025-01-08,138.67,Printer,KGL01
1271,2025-01-08,596.97,Headphones,KGL02
1233,2025-01-08,477.51,Headphones,HYE01
1017,2025-01-08,605.38,Tablet,MUS01
1142,2025-01-08,875.83,Headphones,RUS01
1102,2025-01-08,1062.12,Keyboard,HYE01
1047,2025-01-08,564.61,Headphones,RUS01
1152,2025-01-08,1077.86,Mouse,KGL02
1363,2025-01-08,969.4,Headphones,KGL01
1167,2025-01-08,939.74,Tablet,MUS01
1097,2025-01-08,570.16,Headphones,KGL02
1379,2025-01-08,790.34,Laptop,KGL01
1283,2025-01-08,496.19,Phone,HYE01
1086,2025-01-09,1155.17,Monitor,MUS01
1320,2025-01-09,847.75,Monitor,HYE01
1184,2025-01-09,1194.11,Keyboard,RUS01
1165,2025-01-09,815.14,Printer,KGL01
1082,2025-01-09,394.28,Tablet,KGL01
1254,2025-01-09,180.71,Tablet,KGL02
1032,2025-01-09,766.76,Laptop,KGL02
1286,2025-01-09,18.87,Laptop,HYE01
1052,2025-01-09,381.64,Printer,KGL01
1112,2025-01-09,873.82,Tablet,KGL02
1390,2025-01-09,143.71,Monitor,KGL01
1204,2025-01-09,988.88,Phone,RUS01
1048,2025-01-09,156.72,Mouse,RUS01
1152,2025-01-09,314.68,Phone,HYE01
1056,2025-01-09,853.36,Mouse,KGL02
1116,2025-01-09,763.52,Printer,RUS01
1345,2025-01-09,1178.63,Laptop,MUS01
1233,2025-01-09,84.54,Headphones,RUS01
1242,2025-01-09,407.18,Monitor,MUS01
1053,2025-01-09,392.19,Mouse,KGL02
1150,2025-01-09,945.94,Printer,KGL02
1068,2025-01-10,950.15,Tablet,RUS01
1182,2025-01-10,880.97,Headphones,KGL01
1370,2025-01-10,713.6,Monitor,RUS01
1002,2025-01-10,995.72,Keyboard,HYE01
1301,2025-01-10,365.93,Tablet,HYE01
1166,2025-01-10,860.89,Keyboard,MUS01
1309,2025-01-10,787.03,Printer,RUS01
1014,2025-01-10,230.89,Tablet,HYE01
1068,2025-01-10,799.76,Phone,KGL02
1387,2025-01-10,168.17,Mouse,MUS01
1017,2025-01-10,862.03,Monitor,MUS01
1101,2025-01-10,951.97,Phone,KGL02
1354,2025-01-10,544.61,Monitor,MUS01
1213,2025-01-10,437.24,Monitor,MUS01
1328,2025-01-10,190.01,Laptop,KGL02
1221,2025-01-10,374.63,Printer,MUS01
1024,2025-01-10,656.24,Monitor,KGL01
1378,2025-01-10,665.84,Mouse,RUS01
1273,2025-01-10,765.47,Phone,RUS01
1219,2025-01-10,450.23,Headphones,KGL01
1190,2025-01-10,198.24,Phone,KGL01
1087,2025-01-10,754.2,Monitor,KGL02
1323,2025-01-10,623.79,Monitor,KGL01
1067,2025-01-10,173.13,Headphones,RUS01
1273,2025-01-10,591.91,Keyboard,RUS01
1294,2025-01-11,813.65,Mouse,RUS01
1232,2025-01-11,201.28,Mouse,KGL01
1234,2025-01-11,146.26,Keyboard,RUS01
1300,2025-01-11,456.6,Printer,KGL01
1218,2025-01-11,215.05,Mouse,HYE01
1031,2025-01-11,1008.77,Mouse,RUS01
1152,2025-01-11,789.32,Headphones,RUS01
1017,2025-01-11,1145.63,Mouse,HYE01
1119,2025-01-11,1049.97,Headphones,KGL01
1290,2025-01-11,60.29,Headphones,KGL02
1220,2025-01-11,1106.34,Monitor,KGL01
1368,2025-01-11,110.05,Monitor,HYE01
1068,2025-01-11,704.93,Keyboard,HYE01
1007,2025-01-11,458.5,Monitor,HYE01
1213,2025-01-11,530.96,Keyboard,RUS01
1041,2025-01-11,57.82,Keyboard,RUS01
1301,2025-01-11,945.43,Keyboard,KGL01
1247,2025-01-11,1166.18,Printer,KGL02
1068,2025-01-11,1028.48,Printer,HYE01
1013,2025-01-11,478.95,Laptop,KGL02
1143,2025-01-11,906.03,Printer,RUS01
1249,2025-01-11,379.95,Printer,MUS01
1296,2025-01-11,1164.51,Mouse,KGL02
1366,2025-01-11,593.13,Headphones,HYE01
1144,2025-01-11,1159.86,Tablet,KGL01
1183,2025-01-11,932.3,Laptop,MUS01
1071,2025-01-12,318.9,Headphones,MUS01
1293,2025-01-12,1135.54,Laptop,HYE01
1049,2025-01-12,867.06,Mouse,MUS01
1320,2025-01-12,196.19,Tablet,HYE01
1315,2025-01-12,800.84,Laptop,HYE01
1324,2025-01-12,774.67,Mouse,RUS01
1156,2025-01-12,605.19,Tablet,MUS01
1352,2025-01-12,87.86,Printer,KGL01
1213,2025-01-12,847.3,Mouse,HYE01
1249,2025-01-12,859.44,Laptop,HYE01
1267,2025-01-12,67.73,Mouse,RUS01
1111,2025-01-12,544.33,Tablet,RUS01
1391,2025-01-12,922.78,Tablet,RUS01
1084,2025-01-12,466.05,Headphones,RUS01
1346,2025-01-12,854.3,Headphones,HYE01
1207,2025-01-12,353.74,Monitor,MUS01
1338,2025-01-12,209.4,Printer,HYE01
1175,2025-01-13,1161.71,Keyboard,KGL01
1031,2025-01-13,225.36,Headphones,KGL01
1117,2025-01-13,548.11,Headphones,MUS01
1358,2025-01-13,263.09,Monitor,MUS01
1079,2025-01-13,1076.06,Tablet,HYE01
1297,2025-01-13,546.33,Keyboard,RUS01
1226,2025-01-13,191.73,Laptop,KGL01
1320,2025-01-13,386.88,Phone,RUS01
1175,2025-01-13,375.97,Headphones,RUS01
1267,2025-01-13,950.88,Printer,HYE01
1257,2025-01-13,79.95,Phone,HYE01
1185,2025-01-13,719.47,Keyboard,HYE01
1241,2025-01-13,351.59,Keyboard,KGL01
1021,2025-01-13,192.95,Keyboard,HYE01
1004,2025-01-13,1130.48,Phone,KGL01
1033,2025-01-13,739.71,Laptop,HYE01
1027,2025-01-13,1012.28,Phone,HYE01
1143,2025-01-13,785.48,Phone,KGL01
1181,2025-01-13,837.72,Keyboard,KGL01
1143,2025-01-13,211.68,Printer,KGL02
1129,2025-01-13,317.86,Laptop,KGL02
1106,2025-01-13,482.07,Keyboard,HYE01
1005,2025-01-13,929.3,Keyboard,MUS01
1305,2025-01-13,1131.08,Mouse,MUS01
1377,2025-01-14,1111.34,Phone,MUS01
1112,2025-01-14,1108.16,Mouse,HYE01
1053,2025-01-14,528.34,Phone,RUS01
1371,2025-01-14,507.81,Monitor,KGL01
1371,2025-01-14,716.65,Keyboard,KGL02
1269,2025-01-14,18.81,Tablet,RUS01
1020,2025-01-14,714.62,Headphones,RUS01
1130,2025-01-14,490.56,Keyboard,KGL02
1007,2025-01-14,356.41,Printer,MUS01
1331,2025-01-14,1086.02,Laptop,MUS01
1379,2025-01-14,1161.58,Tablet,KGL01
1351,2025-01-15,508.0,Phone,MUS01
1180,2025-01-15,988.5,Monitor,KGL01
1361,2025-01-15,252.32,Printer,MUS01
1072,2025-01-15,914.87,Mouse,HYE01
1223,2025-01-15,935.64,Tablet,HYE01
1084,2025-01-15,562.88,Keyboard,HYE01
1320,2025-01-15,439.18,Mouse,MUS01
1123,2025-01-15,509.12,Headphones,KGL01
1055,2025-01-15,765.06,Monitor,RUS01
1150,2025-01-15,329.03,Laptop,KGL02
1112,2025-01-15,74.4,Laptop,HYE01
1060,2025-01-15,544.72,Monitor,RUS01
1398,2025-01-15,1039.07,Tablet,RUS01
1305,2025-01-15,377.87,Monitor,HYE01
1383,2025-01-15,965.87,Mouse,MUS01
1321,2025-01-15,173.8,Monitor,KGL02
1392,2025-01-15,1130.96,Mouse,RUS01
1276,2025-01-15,548.59,Printer,HYE01
1277,2025-01-15,1110.41,Tablet,KGL01
1300,2025-01-15,497.41,Tablet,MUS01
1051,2025-01-15,580.08,Printer,RUS01
1338,2025-01-15,619.57,Keyboard,KGL02
1290,2025-01-15,305.83,Printer,MUS01
1129,2025-01-15,357.29,Keyboard,KGL01
1311,2025-01-15,156.29,Monitor,KGL02
1324,2025-01-15,289.51,Monitor,KGL02
1228,2025-01-15,971.36,Tablet,RUS01
1110,2025-01-16,1013.38,Laptop,RUS01
1086,2025-01-16,220.64,Monitor,HYE01
1017,2025-01-16,1038.46,Headphones,MUS01
1147,2025-01-16,394.16,Phone,RUS01
1146,2025-01-16,679.53,Laptop,MUS01
1086,2025-01-16,1026.2,Tablet,KGL02
1064,2025-01-16,342.26,Laptop,KGL02
1117,2025-01-16,1011.76,Printer,RUS01
1375,2025-01-16,436.52,Mouse,KGL01
1023,2025-01-16,752.42,Headphones,KGL01
1276,2025-01-16,130.09,Monitor,HYE01
1364,2025-01-16,926.54,Tablet,HYE01
1343,2025-01-16,418.44,Laptop,RUS01
1216,2025-01-16,504.56,Laptop,HYE01
1273,2025-01-16,511.12,Keyboard,KGL02
1298,2025-01-16,612.64,Tablet,KGL02
1262,2025-01-16,599.74,Monitor,MUS01
1101,2025-01-16,1083.35,Keyboard,HYE01
1081,2025-01-16,919.32,Tablet,KGL02
1296,2025-01-16,314.15,Printer,KGL02
1345,2025-01-16,245.0,Keyboard,HYE01
1267,2025-01-16,1030.82,Laptop,RUS01
1055,2025-01-17,127.35,Laptop,KGL01
1175,2025-01-17,1113.45,Printer,KGL02
1037,2025-01-17,391.81,Printer,RUS01
1232,2025-01-17,1031.87,Mouse,KGL01
1335,2025-01-17,491.91,Tablet,MUS01
1245,2025-01-17,1079.71,Headphones,MUS01
1105,2025-01-17,1018.25,Laptop,KGL02
1281,2025-01-17,334.49,Mouse,KGL02
1059,2025-01-17,145.14,Laptop,KGL01
1388,2025-01-17,724.64,Printer,RUS01
1283,2025-01-17,507.56,Headphones,RUS01
1373,2025-01-17,494.99,Headphones,HYE01
1037,2025-01-17,370.65,Tablet,MUS01
1159,2025-01-17,356.82,Phone,MUS01
1190,2025-01-17,665.65,Laptop,KGL01
1374,2025-01-17,1032.68,Monitor,KGL02
1267,2025-01-17,535.92,Printer,KGL02
1090,2025-01-17,171.89,Printer,MUS01
1164,2025-01-17,81.77,Laptop,RUS01
1258,2025-01-17,1065.12,Headphones,KGL01
1087,2025-01-17,388.67,Printer,HYE01
1279,2025-01-18,342.49,Phone,MUS01
1346,2025-01-18,215.43,Printer,MUS01
1359,2025-01-18,1136.47,Mouse,MUS01
1390,2025-01-18,595.93,Tablet,KGL02
1322,2025-01-18,856.59,Monitor,KGL01
1100,2025-01-18,965.2,Tablet,RUS01
1154,2025-01-18,441.59,Keyboard,KGL02
1203,2025-01-18,561.88,Tablet,RUS01
1347,2025-01-18,1113.06,Laptop,HYE01
1324,2025-01-18,416.25,Monitor,MUS01
1349,2025-01-18,604.51,Monitor,KGL01
1041,2025-01-18,423.55,Tablet,KGL01
1200,2025-01-18,56.5,Keyboard,RUS01
1217,2025-01-18,489.93,Tablet,RUS01
1265,2025-01-18,1198.64,Keyboard,MUS01
1340,2025-01-18,398.55,Tablet,HYE01
1399,2025-01-18,1096.61,Headphones,KGL01
1125,2025-01-18,393.65,Mouse,KGL01
1331,2025-01-18,77.69,Phone,KGL02
1024,2025-01-19,17.31,Laptop,MUS01
1049,2025-01-19,27.58,Keyboard,RUS01
1256,2025-01-19,349.56,Phone,KGL02
1111,2025-01-19,897.92,Tablet,HYE01
1295,2025-01-19,528.61,Keyboard,MUS01
1113,2025-01-19,849.26,Printer,HYE01
1086,2025-01-19,441.94,Monitor,KGL02
1009,2025-01-19,537.11,Keyboard,KGL02
1084,2025-01-19,1059.35,Headphones,RUS01
1309,2025-01-19,131.63,Monitor,KGL02
1041,2025-01-19,416.01,Monitor,RUS01
1395,2025-01-19,249.96,Phone,KGL02
1067,2025-01-19,490.11,Tablet,KGL02
1089,2025-01-19,641.33,Printer,MUS01
1393,2025-01-19,1028.35,Mouse,KGL01
1270,2025-01-19,554.29,Tablet,KGL02
1117,2025-01-19,348.65,Tablet,MUS01
1267,2025-01-19,537.0,Laptop,HYE01
1173,2025-01-19,1011.4,Printer,MUS01
1026,2025-01-19,1153.02,Printer,RUS01
1082,2025-01-19,1180.4,Keyboard,KGL02
1172,2025-01-19,1079.32,Tablet,KGL01
1287,2025-01-19,849.85,Headphones,RUS01
1085,2025-01-19,1194.84,Keyboard,KGL01
1080,2025-01-19,1064.99,Mouse,HYE01
1326,2025-01-20,1127.18,Laptop,RUS01
1105,2025-01-20,111.46,Keyboard,KGL01
1148,2025-01-20,203.52,Tablet,KGL01
1319,2025-01-20,280.26,Phone,MUS01
1366,2025-01-20,12.33,Keyboard,RUS01
1386,2025-01-20,993.75,Tablet,KGL02
1160,2025-01-20,40.48,Laptop,KGL01
1078,2025-01-20,71.68,Mouse,KGL01
1064,2025-01-20,970.42,Laptop,KGL02
1195,2025-01-20,116.4,Printer,HYE01
1197,2025-01-20,997.42,Monitor,MUS01
1120,2025-01-20,754.26,Phone,HYE01
1107,2025-01-20,1135.43,Printer,RUS01
1095,2025-01-20,162.93,Mouse,HYE01
1098,2025-01-20,86.76,Mouse,HYE01
1188,2025-01-20,473.35,Phone,HYE01
1344,2025-01-20,218.86,Phone,KGL02
1120,2025-01-20,691.63,Keyboard,HYE01
1123,2025-01-20,231.4,Headphones,KGL02
1026,2025-01-20,967.35,Monitor,RUS01
1331,2025-01-20,1069.5,Printer,KGL02
1388,2025-01-20,700.92,Mouse,HYE01
1084,2025-01-20,894.36,Keyboard,KGL01
1227,2025-01-20,434.16,Monitor,RUS01
1304,2025-01-20,1130.53,Keyboard,KGL02
1138,2025-01-21,794.11,Keyboard,MUS01
1238,2025-01-21,618.48,Monitor,HYE01
1287,2025-01-21,141.96,Printer,RUS01
1126,2025-01-21,805.38,Printer,RUS01
1100,2025-01-21,188.16,Monitor,MUS01
1107,2025-01-21,263.16,Laptop,KGL02
1310,2025-01-21,602.29,Laptop,HYE01
1144,2025-01-21,605.45,Keyboard,HYE01
1230,2025-01-21,822.85,Tablet,MUS01
1269,2025-01-21,1039.84,Mouse,KGL02
1353,2025-01-21,177.19,Headphones,KGL01
1180,2025-01-21,10.71,Printer,MUS01
1151,2025-01-21,514.35,Tablet,KGL02
1363,2025-01-21,645.95,Mouse,KGL02
1218,2025-01-21,517.01,Monitor,RUS01
1193,2025-01-21,631.23,Mouse,KGL01
1187,2025-01-21,275.16,Laptop,HYE01
1149,2025-01-21,204.71,Monitor,MUS01
1055,2025-01-22,1095.69,Mouse,RUS01
1151,2025-01-22,176.23,Tablet,KGL01
1162,2025-01-22,178.22,Headphones,KGL01
1115,2025-01-22,505.82,Mouse,HYE01
1180,2025-01-22,716.19,Tablet,KGL01
1024,2025-01-22,270.68,Phone,RUS01
1350,2025-01-22,111.15,Phone,KGL01
1348,2025-01-22,550.91,Mouse,MUS01
1129,2025-01-22,328.39,Keyboard,KGL02
1268,2025-01-22,826.23,Phone,KGL02
1379,2025-01-22,332.7,Mouse,KGL02
1225,2025-01-22,185.04,Keyboard,RUS01
1362,2025-01-22,476.48,Tablet,RUS01
1117,2025-01-22,663.66,Printer,RUS01
1132,2025-01-22,312.72,Keyboard,MUS01
1071,2025-01-22,507.87,Headphones,HYE01
1000,2025-01-22,563.24,Keyboard,KGL01
1253,2025-01-22,751.45,Monitor,KGL01
1149,2025-01-23,583.47,Tablet,KGL01
1061,2025-01-23,1023.25,Tablet,HYE01
1025,2025-01-23,326.9,Keyboard,KGL01
1004,2025-01-23,824.93,Mouse,KGL01
1399,2025-01-23,570.17,Mouse,HYE01
1380,2025-01-23,184.11,Monitor,MUS01
1045,2025-01-23,614.0,Tablet,HYE01
1190,2025-01-23,944.8,Phone,MUS01
1387,2025-01-23,967.14,Monitor,MUS01
1275,2025-01-23,117.99,Printer,KGL02
1208,2025-01-23,975.58,Monitor,HYE01
1088,2025-01-23,259.5,Keyboard,HYE01
1169,2025-01-23,190.75,Headphones,KGL02
1339,2025-01-23,58.69,Mouse,MUS01
1007,2025-01-23,158.65,Monitor,RUS01
1007,2025-01-23,973.17,Tablet,MUS01
1198,2025-01-23,1190.42,Printer,HYE01
1082,2025-01-23,85.58,Mouse,HYE01
1254,2025-01-23,848.12,Printer,KGL01
1376,2025-01-23,778.77,Keyboard,RUS01
1322,2025-01-23,971.8,Tablet,KGL02
1335,2025-01-23,198.6,Phone,MUS01
1119,2025-01-23,979.05,Laptop,RUS01
1236,2025-01-23,117.88,Mouse,MUS01
1029,2025-01-23,1181.29,Printer,MUS01
1095,2025-01-23,931.64,Printer,KGL02
1125,2025-01-24,245.56,Printer,RUS01
1211,2025-01-24,316.94,Laptop,MUS01
1243,2025-01-24,442.11,Printer,HYE01
1057,2025-01-24,1052.31,Printer,RUS01
1281,2025-01-24,329.04,Printer,KGL02
1021,2025-01-24,1192.04,Laptop,KGL01
1025,2025-01-24,202.75,Laptop,MUS01
1356,2025-01-24,753.68,Laptop,MUS01
1202,2025-01-24,108.5,Laptop,MUS01
1069,2025-01-24,15.12,Keyboard,HYE01
1095,2025-01-24,341.61,Keyboard,MUS01
1381,2025-01-24,1195.98,Printer,HYE01
1101,2025-01-24,413.98,Phone,RUS01
1106,2025-01-24,737.41,Printer,HYE01
1208,2025-01-24,1179.63,Printer,HYE01
1047,2025-01-24,196.6,Headphones,MUS01
1207,2025-01-24,486.01,Laptop,KGL02
1034,2025-01-24,596.51,Mouse,RUS01
1300,2025-01-24,1082.1,Tablet,KGL02
1010,2025-01-24,234.28,Laptop,MUS01
1115,2025-01-24,619.42,Tablet,KGL01
1094,2025-01-24,387.14,Headphones,KGL01
1229,2025-01-24,160.96,Phone,MUS01
1372,2025-01-24,489.3,Headphones,KGL02
1242,2025-01-24,324.42,Mouse,HYE01
1089,2025-01-24,728.51,Laptop,HYE01
1200,2025-01-24,212.02,Monitor,KGL02
1121,2025-01-24,532.54,Keyboard,KGL02
1380,2025-01-24,662.83,Mouse,MUS01
1029,2025-01-25,861.18,Headphones,KGL02
1286,2025-01-25,282.69,Mouse,RUS01
1168,2025-01-25,911.83,Printer,KGL01
1312,2025-01-25,403.08,Printer,KGL02
1264,2025-01-25,242.15,Headphones,KGL01
1008,2025-01-25,488.64,Phone,MUS01
1000,2025-01-25,195.38,Printer,HYE01
1153,2025-01-25,871.8,Tablet,KGL02
1271,2025-01-25,844.74,Phone,RUS01
1210,2025-01-25,1158.73,Phone,HYE01
1197,2025-01-25,46.73,Monitor,KGL01
1333,2025-01-25,1134.3,Keyboard,KGL02
1287,2025-01-25,276.44,Keyboard,MUS01
1068,2025-01-25,1198.4,Phone,HYE01
1394,2025-01-25,1099.62,Printer,MUS01
1365,2025-01-25,657.92,Headphones,RUS01
1311,2025-01-25,986.86,Phone,HYE01
1071,2025-01-25,286.26,Phone,RUS01
1014,2025-01-25,276.86,Keyboard,HYE01
1084,2025-01-26,30.33,Printer,HYE01
1056,2025-01-26,508.37,Mouse,KGL02
1125,2025-01-26,763.82,Mouse,RUS01
1019,2025-01-26,445.78,Printer,HYE01
1273,2025-01-26,905.89,Monitor,MUS01
1381,2025-01-26,418.46,Phone,HYE01
1024,2025-01-26,56.54,Phone,KGL01
1395,2025-01-26,1149.78,Keyboard,MUS01
1145,2025-01-26,512.71,Laptop,RUS01
1141,2025-01-26,1183.47,Phone,RUS01
1295,2025-01-26,306.64,Printer,HYE01
1120,2025-01-26,201.67,Laptop,HYE01
1306,2025-01-26,264.95,Phone,RUS01
1194,2025-01-26,109.43,Monitor,KGL02
1296,2025-01-26,1167.29,Headphones,HYE01
1289,2025-01-26,60.33,Monitor,MUS01
1331,2025-01-26,74.24,Keyboard,KGL02
1396,2025-01-27,90.34,Monitor,HYE01
1112,2025-01-27,786.09,Keyboard,MUS01
1163,2025-01-27,512.7,Printer,RUS01
1142,2025-01-27,626.13,Printer,RUS01
1163,2025-01-27,978.81,Tablet,MUS01
1374,2025-01-27,969.7,Printer,MUS01
1380,2025-01-27,733.63,Headphones,RUS01
1058,2025-01-27,882.14,Keyboard,MUS01
1254,2025-01-27,343.83,Tablet,RUS01
1231,2025-01-27,830.65,Keyboard,RUS01
1297,2025-01-27,491.6,Phone,MUS01
1119,2025-01-27,824.65,Headphones,HYE01
1113,2025-01-27,989.28,Tablet,RUS01
1341,2025-01-27,652.86,Phone,MUS01
1372,2025-01-27,127.48,Tablet,KGL02
1072,2025-01-27,831.71,Tablet,KGL01
1044,2025-01-27,815.19,Printer,KGL01
1341,2025-01-27,285.84,Headphones,HYE01
1086,2025-01-27,632.74,Tablet,KGL01
1345,2025-01-27,265.34,Laptop,RUS01
1305,2025-01-27,173.31,Laptop,HYE01
1392,2025-01-28,174.88,Headphones,MUS01
1180,2025-01-28,1113.99,Headphones,KGL02
1092,2025-01-28,273.84,Printer,RUS01
1400,2025-01-28,259.91,Headphones,RUS01
1155,2025-01-28,16.63,Phone,KGL02
1234,2025-01-28,1015.83,Mouse,MUS01
1042,2025-01-28,953.55,Tablet,KGL02
1019,2025-01-28,468.06,Laptop,KGL01
1310,2025-01-28,796.83,Tablet,MUS01
1308,2025-01-28,795.07,Keyboard,HYE01
1054,2025-01-28,636.68,Printer,MUS01
1338,2025-01-28,193.77,Phone,HYE01
1084,2025-01-28,950.14,Keyboard,RUS01
1215,2025-01-28,693.64,Tablet,RUS01
1142,2025-01-28,197.02,Laptop,RUS01
1120,2025-01-28,266.07,Headphones,RUS01
1346,2025-01-28,991.36,Mouse,HYE01
1344,2025-01-28,470.63,Mouse,KGL01
1102,2025-01-28,368.76,Phone,MUS01
1094,2025-01-28,101.51,Phone,RUS01
1389,2025-01-28,99.78,Keyboard,KGL02
1310,2025-01-28,339.96,Headphones,KGL01
1207,2025-01-29,895.04,Tablet,HYE01
1219,2025-01-29,1161.38,Monitor,HYE01
1195,2025-01-29,485.43,Headphones,KGL02
1060,2025-01-29,555.73,Keyboard,MUS01
1353,2025-01-29,471.7,Printer,MUS01
1067,2025-01-29,1059.08,Monitor,KGL02
1362,2025-01-29,298.27,Mouse,KGL01
1222,2025-01-29,14.04,Printer,HYE01
1186,2025-01-29,1006.67,Mouse,KGL01
1199,2025-01-29,998.69,Monitor,KGL02
1374,2025-01-29,143.83,Headphones,HYE01
1298,2025-01-29,792.73,Headphones,KGL02
1199,2025-01-29,454.98,Tablet,HYE01
1271,2025-01-29,213.1,Monitor,RUS01
1111,2025-01-29,1081.5,Monitor,KGL02
1315,2025-01-29,433.39,Mouse,KGL01
1130,2025-01-29,22.11,Mouse,MUS01
1194,2025-01-29,993.86,Tablet,RUS01
1290,2025-01-29,698.03,Mouse,RUS01
1396,2025-01-29,1155.48,Headphones,RUS01
1092,2025-01-29,21.88,Monitor,KGL02
1370,2025-01-30,1157.12,Headphones,HYE01
1349,2025-01-30,876.04,Monitor,RUS01
1306,2025-01-30,589.96,Mouse,KGL01
1244,2025-01-30,1106.34,Laptop,KGL01
1161,2025-01-30,420.92,Printer,KGL01
1038,2025-01-30,383.47,Keyboard,MUS01
1041,2025-01-30,663.3,Phone,MUS01
1249,2025-01-30,894.28,Monitor,MUS01
1126,2025-01-30,66.86,Headphones,RUS01
1239,2025-01-30,775.07,Printer,KGL01
1331,2025-01-30,1131.8,Keyboard,HYE01
1028,2025-01-30,375.3,Mouse,KGL02
1249,2025-01-30,106.81,Printer,KGL01
1115,2025-01-30,1177.16,Monitor,HYE01
1020,2025-01-30,1058.84,Phone,RUS01
1124,2025-01-31,120.88,Laptop,KGL01
1309,2025-01-31,64.14,Laptop,KGL02
1237,2025-01-31,903.28,Printer,MUS01
1290,2025-01-31,784.21,Monitor,KGL02
1165,2025-01-31,766.38,Tablet,KGL02
1311,2025-01-31,970.82,Mouse,MUS01
1300,2025-01-31,312.23,Printer,MUS01
1019,2025-01-31,410.85,Monitor,KGL01
1344,2025-01-31,451.13,Mouse,HYE01
1364,2025-01-31,1149.35,Headphones,RUS01
1080,2025-01-31,572.96,Headphones,HYE01
1325,2025-01-31,706.84,Headphones,KGL02
1200,2025-01-31,750.14,Mouse,KGL02
1273,2025-01-31,621.05,Keyboard,MUS01
1393,2025-01-31,685.65,Headphones,HYE01
1345,2025-01-31,897.84,Printer,HYE01
1013,2025-01-31,229.51,Printer,KGL01
1078,2025-01-31,838.68,Phone,HYE01
1223,2025-01-31,922.54,Tablet,KGL02
1233,2025-01-31,81.64,Keyboard,HYE01
1038,2025-01-31,946.07,Headphones,KGL01
1388,2025-01-31,395.13,Phone,KGL01
1123,2025-02-01,55.94,Keyboard,MUS01
1112,2025-02-01,924.13,Laptop,MUS01
1343,2025-02-01,104.12,Mouse,HYE01
1275,2025-02-01,288.56,Monitor,KGL02
1325,2025-02-01,10.34,Printer,KGL01
1192,2025-02-01,1037.99,Tablet,HYE01
1095,2025-02-01,351.0,Monitor,KGL02
1095,2025-02-01,822.5,Laptop,KGL02
1165,2025-02-01,330.49,Keyboard,HYE01
1135,2025-02-01,311.19,Keyboard,KGL01
1127,2025-02-01,1139.42,Tablet,KGL01
1249,2025-02-01,328.73,Keyboard,HYE01
1108,2025-02-01,52.87,Printer,MUS01
1282,2025-02-01,560.54,Laptop,RUS01
1354,2025-02-01,142.53,Tablet,HYE01
1059,2025-02-01,787.79,Phone,KGL02
1015,2025-02-02,268.13,Printer,MUS01
1379,2025-02-02,240.55,Tablet,KGL01
1200,2025-02-02,473.53,Tablet,KGL02
1237,2025-02-02,449.62,Headphones,KGL02
1309,2025-02-02,798.74,Headphones,RUS01
1050,2025-02-02,180.6,Printer,HYE01
1129,2025-02-02,197.65,Keyboard,MUS01
1218,2025-02-02,717.1,Printer,HYE01
1225,2025-02-02,965.78,Keyboard,KGL01
1139,2025-02-02,1080.02,Keyboard,KGL01
1068,2025-02-02,689.96,Laptop,KGL02
1059,2025-02-02,180.73,Monitor,RUS01
1344,2025-02-02,13.19,Tablet,KGL01
1006,2025-02-02,929.22,Headphones,HYE01
1141,2025-02-02,1002.83,Keyboard,KGL02
1205,2025-02-02,963.27,Tablet,KGL01
1307,2025-02-02,297.57,Monitor,RUS01
1003,2025-02-02,287.04,Headphones,KGL01
1223,2025-02-02,937.21,Headphones,MUS01
1299,2025-02-02,995.84,Laptop,KGL02
1362,2025-02-02,1041.57,Printer,RUS01
1250,2025-02-02,269.54,Headphones,MUS01
1388,2025-02-02,554.21,Mouse,RUS01
1203,2025-02-02,1022.17,Laptop,RUS01
1006,2025-02-02,673.32,Mouse,HYE01
1023,2025-02-02,358.86,Keyboard,HYE01
1138,2025-02-02,982.16,Tablet,HYE01
1187,2025-02-02,756.6,Phone,KGL01
1172,2025-02-02,813.57,Tablet,KGL02
1089,2025-02-02,635.26,Tablet,HYE01
1372,2025-02-03,1176.12,Monitor,KGL01
1321,2025-02-03,417.25,Phone,MUS01
1297,2025-02-03,652.8,Monitor,MUS01
1027,2025-02-03,443.41,Headphones,KGL02
1294,2025-02-03,290.22,Headphones,RUS01
1078,2025-02-03,417.39,Mouse,HYE01
1190,2025-02-03,142.82,Mouse,RUS01
1333,2025-02-03,451.92,Tablet,RUS01
1219,2025-02-03,168.92,Monitor,RUS01
1358,2025-02-03,141.07,Laptop,KGL01
1162,2025-02-03,471.8,Headphones,HYE01
1382,2025-02-03,466.6,Phone,MUS01
1301,2025-02-03,550.38,Keyboard,KGL02
1076,2025-02-03,1122.0,Monitor,HYE01
1082,2025-02-03,770.29,Mouse,MUS01
1171,2025-02-03,333.92,Phone,HYE01
1024,2025-02-03,810.59,Keyboard,RUS01
1370,2025-02-03,301.54,Keyboard,KGL01
1066,2025-02-03,930.98,Keyboard,KGL01
1049,2025-02-03,783.49,Headphones,HYE01
1278,2025-02-03,470.5,Printer,RUS01
1086,2025-02-03,897.27,Laptop,KGL02
1168,2025-02-03,112.14,Laptop,HYE01
1242,2025-02-03,35.41,Tablet,HYE01
1113,2025-02-03,445.14,Laptop,MUS01
1133,2025-02-03,45.46,Phone,MUS01
1164,2025-02-04,362.21,Tablet,MUS01
1058,2025-02-04,683.16,Laptop,MUS01
1196,2025-02-04,14.81,Tablet,RUS01
1159,2025-02-04,175.9,Laptop,MUS01
1017,2025-02-04,92.24,Mouse,MUS01
1065,2025-02-04,1132.42,Laptop,MUS01
1389,2025-02-04,698.05,Tablet,HYE01
1144,2025-02-04,306.87,Monitor,KGL01
1336,2025-02-04,660.84,Keyboard,HYE01
1181,2025-02-04,945.34,Laptop,KGL01
1094,2025-02-04,141.79,Phone,RUS01
1112,2025-02-04,1169.99,Laptop,RUS01
1124,2025-02-04,603.43,Printer,MUS01
1359,2025-02-04,1153.63,Headphones,KGL02
1327,2025-02-04,1080.74,Monitor,KGL01
1091,2025-02-04,1172.54,Phone,KGL01
1150,2025-02-04,1192.83,Printer,KGL02
1068,2025-02-04,192.14,Headphones,MUS01
1186,2025-02-04,273.81,Laptop,KGL02
1244,2025-02-04,610.23,Monitor,KGL02
1280,2025-02-04,173.43,Tablet,KGL01
1281,2025-02-05,120.87,Printer,KGL02
1145,2025-02-05,1138.68,Mouse,RUS01
1105,2025-02-05,78.44,Phone,MUS01
1054,2025-02-05,674.05,Tablet,MUS01
1144,2025-02-05,202.07,Phone,KGL01
1396,2025-02-05,1035.07,Monitor,MUS01
1110,2025-02-05,771.98,Printer,KGL02
1202,2025-02-05,841.18,Phone,KGL01
1189,2025-02-05,1052.52,Phone,RUS01
1223,2025-02-05,313.7,Keyboard,MUS01
1192,2025-02-05,1074.79,Keyboard,RUS01
1227,2025-02-05,729.23,Headphones,HYE01
1063,2025-02-05,647.22,Headphones,MUS01
1400,2025-02-05,24.56,Printer,RUS01
1118,2025-02-05,430.24,Monitor,RUS01
1149,2025-02-05,1181.24,Printer,KGL02
1025,2025-02-05,250.87,Tablet,KGL02
1292,2025-02-05,166.48,Mouse,MUS01
1126,2025-02-05,85.64,Headphones,KGL02
1006,2025-02-05,980.95,Monitor,HYE01
1029,2025-02-05,128.74,Keyboard,RUS01
1198,2025-02-05,1174.87,Tablet,MUS01
1005,2025-02-05,1046.61,Keyboard,HYE01
1102,2025-02-05,1013.46,Monitor,KGL01
1256,2025-02-05,536.84,Monitor,HYE01
1362,2025-02-05,394.22,Printer,KGL01
1301,2025-02-06,110.73,Monitor,HYE01
1003,2025-02-06,55.4,Tablet,MUS01
1055,2025-02-06,166.83,Printer,MUS01
1165,2025-02-06,1182.29,Phone,MUS01
1382,2025-02-06,247.22,Mouse,KGL01
1019,2025-02-06,314.41,Keyboard,KGL01
1285,2025-02-06,1150.88,Phone,KGL02
1188,2025-02-06,502.73,Headphones,KGL02
1101,2025-02-06,422.05,Tablet,MUS01
1234,2025-02-06,116.73,Phone,KGL01
1190,2025-02-06,852.78,Laptop,HYE01
1193,2025-02-06,693.83,Monitor,RUS01
1104,2025-02-06,88.1,Tablet,KGL02
1003,2025-02-06,780.31,Keyboard,MUS01
1150,2025-02-06,245.04,Keyboard,RUS01
1067,2025-02-06,748.48,Mouse,KGL02
1361,2025-02-06,727.1,Printer,KGL02
1127,2025-02-07,128.33,Tablet,HYE01
1140,2025-02-07,1160.53,Monitor,KGL02
1107,2025-02-07,1126.29,Monitor,RUS01
1016,2025-02-07,561.2,Mouse,MUS01
1095,2025-02-07,244.19,Tablet,KGL01
1362,2025-02-07,531.72,Tablet,KGL01
1354,2025-02-07,727.54,Keyboard,KGL01
1134,2025-02-07,475.81,Phone,RUS01
1094,2025-02-07,1131.09,Printer,MUS01
1302,2025-02-07,419.26,Laptop,KGL01
1159,2025-02-07,159.86,Printer,MUS01
1237,2025-02-07,1016.19,Mouse,RUS01
1307,2025-02-08,498.97,Tablet,MUS01
1226,2025-02-08,394.04,Printer,MUS01
1112,2025-02-08,1142.4,Printer,MUS01
1072,2025-02-08,960.42,Keyboard,MUS01
1005,2025-02-08,897.65,Keyboard,HYE01
1230,2025-02-08,511.89,Monitor,HYE01
1011,2025-02-08,17.43,Mouse,RUS01
1007,2025-02-08,811.13,Phone,KGL01
1100,2025-02-08,108.62,Printer,MUS01
1174,2025-02-08,524.45,Phone,KGL01
1068,2025-02-08,832.55,Laptop,MUS01
1265,2025-02-08,1028.12,Tablet,HYE01
1027,2025-02-08,285.62,Printer,HYE01
1136,2025-02-09,868.98,Tablet,KGL01
1087,2025-02-09,1112.12,Phone,KGL01
1207,2025-02-09,347.54,Monitor,KGL02
1033,2025-02-09,316.69,Phone,HYE01
1271,2025-02-09,865.73,Phone,HYE01
1130,2025-02-09,450.96,Tablet,MUS01
1305,2025-02-09,90.58,Tablet,RUS01
1122,2025-02-09,884.27,Keyboard,MUS01
1076,2025-02-09,1110.82,Printer,RUS01
1079,2025-02-09,245.72,Laptop,MUS01
1253,2025-02-09,641.74,Keyboard,MUS01
1167,2025-02-09,815.9,Monitor,KGL01
1075,2025-02-09,705.01,Mouse,KGL02
1248,2025-02-09,706.77,Tablet,KGL01
1202,2025-02-09,363.75,Keyboard,RUS01
1217,2025-02-09,332.92,Mouse,RUS01
1245,2025-02-09,72.66,Monitor,RUS01
1061,2025-02-09,1013.82,Headphones,HYE01
1344,2025-02-09,379.15,Laptop,KGL02
1066,2025-02-09,470.37,Monitor,HYE01
1304,2025-02-09,662.46,Laptop,KGL01
1113,2025-02-09,133.42,Headphones,RUS01
1082,2025-02-09,127.89,Monitor,MUS01
1295,2025-02-09,371.11,Phone,RUS01
1317,2025-02-10,302.5,Laptop,RUS01
1278,2025-02-10,109.16,Mouse,MUS01
1018,2025-02-10,1160.77,Phone,KGL02
1098,2025-02-10,760.55,Monitor,KGL02
1032,2025-02-10,430.59,Printer,HYE01
1185,2025-02-10,123.62,Headphones,RUS01
1288,2025-02-10,494.25,Phone,KGL02
1166,2025-02-10,437.96,Phone,KGL02
1041,2025-02-10,368.53,Headphones,HYE01
1087,2025-02-10,959.23,Printer,MUS01
1219,2025-02-10,252.98,Headphones,HYE01
1173,2025-02-10,395.32,Mouse,KGL01
1002,2025-02-10,537.34,Phone,KGL01
1308,2025-02-10,883.52,Keyboard,HYE01
1136,2025-02-10,41.93,Printer,MUS01
1226,2025-02-10,1093.24,Mouse,HYE01
1354,2025-02-10,1002.55,Monitor,MUS01
1079,2025-02-10,275.49,Mouse,RUS01
1378,2025-02-10,895.38,Monitor,KGL01
1218,2025-02-10,1170.91,Tablet,HYE01
1041,2025-02-10,639.71,Headphones,HYE01
1006,2025-02-10,467.25,Tablet,MUS01
1390,2025-02-10,359.93,Keyboard,KGL02
1335,2025-02-10,540.19,Laptop,MUS01
1021,2025-02-10,93.88,Tablet,HYE01
1265,2025-02-10,200.74,Tablet,HYE01
1152,2025-02-10,309.23,Keyboard,KGL01
1225,2025-02-10,695.75,Printer,RUS01
1257,2025-02-10,761.22,Printer,KGL01
1332,2025-02-11,702.78,Phone,HYE01
1300,2025-02-11,925.41,Laptop,RUS01
1136,2025-02-11,299.57,Phone,RUS01
1200,2025-02-11,510.2,Laptop,HYE01
1014,2025-02-11,584.83,Monitor,RUS01
1112,2025-02-11,715.89,Phone,KGL01
1067,2025-02-11,537.32,Headphones,KGL02
1181,2025-02-11,206.72,Phone,KGL01
1197,2025-02-11,1116.8,Phone,HYE01
1396,2025-02-11,669.13,Laptop,MUS01
1044,2025-02-11,319.65,Phone,HYE01
1197,2025-02-11,90.81,Monitor,KGL01
1085,2025-02-11,961.29,Keyboard,RUS01
1016,2025-02-11,445.35,Keyboard,KGL02
1277,2025-02-11,813.41,Phone,KGL02
1089,2025-02-11,221.05,Laptop,RUS01
1268,2025-02-11,1024.41,Printer,RUS01
1202,2025-02-11,203.96,Monitor,HYE01
1197,2025-02-11,712.82,Laptop,HYE01
1326,2025-02-11,175.52,Mouse,HYE01
1276,2025-02-11,562.2,Printer,MUS01
1223,2025-02-11,758.4,Monitor,KGL01
1238,2025-02-11,659.18,Mouse,KGL02
1136,2025-02-11,1140.7,Mouse,MUS01
1400,2025-02-12,446.86,Phone,KGL01
1209,2025-02-12,448.58,Keyboard,KGL02
1183,2025-02-12,512.03,Headphones,KGL01
1053,2025-02-12,1077.57,Keyboard,RUS01
1251,2025-02-12,275.55,Mouse,HYE01
1270,2025-02-12,781.3,Laptop,MUS01
1387,2025-02-12,951.64,Laptop,KGL02
1036,2025-02-12,501.41,Headphones,KGL01
1328,2025-02-12,707.54,Phone,MUS01
1172,2025-02-12,659.63,Monitor,MUS01
1030,2025-02-12,618.77,Headphones,RUS01
1110,2025-02-12,574.69,Laptop,KGL02
1228,2025-02-12,425.02,Laptop,KGL02
1136,2025-02-12,988.77,Laptop,MUS01
1158,2025-02-12,731.57,Tablet,KGL01
1054,2025-02-12,307.93,Keyboard,KGL01
1205,2025-02-12,227.73,Mouse,MUS01
1229,2025-02-12,693.64,Phone,MUS01
1100,2025-02-12,1185.27,Tablet,KGL01
1347,2025-02-12,53.41,Monitor,HYE01
1049,2025-02-12,279.4,Headphones,RUS01
1229,2025-02-12,1140.31,Laptop,HYE01
1129,2025-02-12,312.84,Printer,RUS01
1006,2025-02-12,327.09,Keyboard,KGL02
1180,2025-02-12,836.25,Laptop,RUS01
1271,2025-02-12,755.89,Tablet,RUS01
1009,2025-02-12,70.39,Headphones,HYE01
1148,2025-02-12,675.45,Printer,RUS01
1203,2025-02-13,847.03,Phone,MUS01
1184,2025-02-13,1079.15,Mouse,MUS01
1012,2025-02-13,423.55,Monitor,HYE01
1233,2025-02-13,874.95,Headphones,HYE01
1264,2025-02-13,629.28,Keyboard,KGL02
1268,2025-02-13,936.24,Printer,RUS01
1194,2025-02-13,797.15,Monitor,KGL01
1306,2025-02-13,602.78,Keyboard,RUS01
1327,2025-02-13,1174.7,Tablet,HYE01
1084,2025-02-13,1178.91,Mouse,HYE01
1368,2025-02-13,395.54,Printer,MUS01
1214,2025-02-13,736.94,Tablet,KGL02
1362,2025-02-13,789.96,Monitor,KGL01
1326,2025-02-13,314.2,Laptop,KGL01
1216,2025-02-13,270.71,Keyboard,HYE01
1067,2025-02-13,978.02,Tablet,RUS01
1160,2025-02-13,107.93,Monitor,HYE01
1108,2025-02-13,131.11,Tablet,MUS01
1030,2025-02-13,403.09,Mouse,HYE01
1057,2025-02-13,141.93,Printer,MUS01
1002,2025-02-14,1104.18,Mouse,HYE01
1156,2025-02-14,373.06,Monitor,KGL01
1185,2025-02-14,406.71,Phone,KGL02
1377,2025-02-14,897.14,Laptop,HYE01
1267,2025-02-14,1165.48,Tablet,MUS01
1180,2025-02-14,437.53,Mouse,HYE01
1229,2025-02-14,838.74,Mouse,RUS01
1160,2025-02-14,527.19,Monitor,MUS01
1150,2025-02-14,937.32,Phone,HYE01
1385,2025-02-14,39.49,Headphones,KGL01
1396,2025-02-14,284.37,Printer,HYE01
1371,2025-02-14,793.07,Printer,KGL02
1305,2025-02-14,763.87,Printer,KGL02
1121,2025-02-14,468.18,Laptop,HYE01
1393,2025-02-14,1124.97,Mouse,MUS01
1182,2025-02-14,10.85,Keyboard,RUS01
1251,2025-02-14,638.08,Mouse,HYE01
1103,2025-02-14,112.58,Tablet,KGL01
1367,2025-02-14,701.18,Tablet,KGL02
1243,2025-02-14,120.84,Laptop,HYE01
1300,2025-02-14,695.79,Monitor,KGL01
1095,2025-02-14,208.78,Mouse,MUS01
1293,2025-02-14,428.66,Phone,KGL01
1000,2025-02-14,868.83,Keyboard,HYE01
1040,2025-02-14,676.95,Headphones,HYE01
1077,2025-02-14,739.14,Monitor,HYE01
1095,2025-02-15,816.38,Laptop,MUS01
1129,2025-02-15,1042.97,Headphones,MUS01
1028,2025-02-15,521.16,Printer,KGL01
1168,2025-02-15,705.08,Mouse,HYE01
1353,2025-02-15,719.16,Monitor,KGL01
1368,2025-02-15,684.18,Keyboard,KGL01
1223,2025-02-15,689.88,Laptop,KGL01
1381,2025-02-15,89.66,Laptop,KGL01
1353,2025-02-15,930.4,Laptop,KGL02
1208,2025-02-15,360.76,Laptop,MUS01
1292,2025-02-15,280.34,Mouse,HYE01
1236,2025-02-15,632.93,Mouse,KGL02
1218,2025-02-15,539.43,Monitor,KGL01
1016,2025-02-15,633.31,Monitor,KGL01
1063,2025-02-15,361.43,Phone,HYE01
1074,2025-02-15,1028.52,Keyboard,RUS01
1356,2025-02-15,570.55,Headphones,KGL02
1164,2025-02-15,700.72,Printer,RUS01
1257,2025-02-15,968.51,Keyboard,MUS01
1399,2025-02-15,1014.27,Tablet,RUS01
1014,2025-02-15,153.51,Printer,RUS01
1239,2025-02-15,746.15,Keyboard,KGL01
1204,2025-02-15,827.61,Keyboard,KGL01
1198,2025-02-15,1141.71,Headphones,KGL02
1395,2025-02-15,1041.89,Mouse,KGL01
1223,2025-02-15,79.93,Laptop,KGL01
1368,2025-02-15,921.43,Mouse,KGL01
1188,2025-02-16,1137.13,Monitor,MUS01
1173,2025-02-16,772.79,Monitor,MUS01
1049,2025-02-16,117.43,Phone,KGL01
1204,2025-02-16,1140.5,Mouse,MUS01
1138,2025-02-16,833.61,Printer,RUS01
1037,2025-02-16,585.61,Mouse,KGL01
1073,2025-02-16,1037.61,Phone,KGL01
1339,2025-02-16,814.3,Keyboard,MUS01
1254,2025-02-16,1158.11,Printer,RUS01
1134,2025-02-16,139.67,Phone,KGL01
1072,2025-02-16,110.56,Tablet,MUS01
1158,2025-02-16,1023.16,Laptop,RUS01
1282,2025-02-16,726.1,Mouse,MUS01
1291,2025-02-16,527.95,Laptop,MUS01
1137,2025-02-16,1188.07,Headphones,HYE01
1102,2025-02-16,464.85,Keyboard,KGL02
1055,2025-02-16,955.93,Printer,KGL02
1358,2025-02-16,1151.17,Keyboard,MUS01
1109,2025-02-16,913.27,Monitor,MUS01
1246,2025-02-16,443.51,Tablet,KGL01
1200,2025-02-16,1139.12,Laptop,KGL01
1195,2025-02-16,1012.61,Monitor,KGL01
1075,2025-02-16,670.71,Mouse,KGL02
1216,2025-02-16,680.59,Laptop,RUS01
1192,2025-02-16,1133.83,Printer,KGL02
1070,2025-02-16,133.24,Headphones,MUS01
1066,2025-02-16,694.53,Monitor,MUS01
1265,2025-02-16,266.43,Tablet,KGL02
1016,2025-02-16,578.57,Mouse,RUS01
1141,2025-02-16,43.76,Printer,RUS01
1064,2025-02-16,338.7,Laptop,MUS01
1131,2025-02-17,349.17,Tablet,KGL01
1110,2025-02-17,549.9,Mouse,HYE01
1032,2025-02-17,891.11,Monitor,KGL01
1320,2025-02-17,699.05,Printer,KGL02
1150,2025-02-17,113.27,Headphones,KGL01
1075,2025-02-17,780.84,Headphones,HYE01
1036,2025-02-17,849.84,Keyboard,HYE01
1138,2025-02-17,117.26,Tablet,KGL01
1104,2025-02-17,122.58,Printer,KGL01
1045,2025-02-17,765.57,Monitor,MUS01
1217,2025-02-17,723.87,Phone,KGL02
1224,2025-02-17,991.66,Mouse,KGL01
1300,2025-02-17,273.46,Headphones,MUS01
1348,2025-02-17,829.65,Monitor,MUS01
1167,2025-02-17,42.2,Headphones,KGL02
1155,2025-02-17,449.69,Monitor,RUS01
1213,2025-02-17,820.73,Keyboard,RUS01
1203,2025-02-17,1167.27,Monitor,HYE01
1253,2025-02-17,464.07,Headphones,KGL02
1140,2025-02-17,1085.24,Keyboard,KGL01
1329,2025-02-17,314.45,Printer,MUS01
1068,2025-02-17,451.38,Mouse,KGL02
1326,2025-02-17,1107.67,Headphones,RUS01
1396,2025-02-18,463.58,Printer,RUS01
1098,2025-02-18,343.59,Keyboard,KGL01
1042,2025-02-18,331.1,Mouse,RUS01
1270,2025-02-18,941.32,Phone,RUS01
1299,2025-02-18,246.09,Laptop,HYE01
1218,2025-02-18,844.04,Monitor,HYE01
1015,2025-02-18,765.76,Mouse,KGL01
1393,2025-02-18,758.11,Tablet,MUS01
1036,2025-02-18,640.66,Phone,RUS01
1153,2025-02-18,305.31,Printer,KGL02
1122,2025-02-18,186.2,Laptop,KGL02
1022,2025-02-18,471.81,Mouse,RUS01
1370,2025-02-18,353.31,Monitor,RUS01
1090,2025-02-18,772.28,Laptop,KGL01
1318,2025-02-18,704.02,Headphones,KGL02
1368,2025-02-18,643.53,Headphones,HYE01
1122,2025-02-18,354.72,Laptop,KGL01
1310,2025-02-18,65.54,Printer,HYE01
1181,2025-02-18,395.78,Mouse,MUS01
1094,2025-02-18,150.08,Phone,RUS01
1262,2025-02-18,343.05,Phone,HYE01
1203,2025-02-18,237.51,Headphones,KGL02
1217,2025-02-18,210.25,Tablet,KGL02
1156,2025-02-18,588.79,Monitor,KGL01
1103,2025-02-18,132.7,Keyboard,MUS01
1049,2025-02-18,897.01,Monitor,KGL02
1212,2025-02-18,709.48,Laptop,HYE01
1396,2025-02-19,582.61,Phone,MUS01
1117,2025-02-19,358.93,Mouse,KGL01
1334,2025-02-19,118.28,Printer,KGL01
1143,2025-02-19,558.31,Mouse,RUS01
1189,2025-02-19,914.87,Mouse,MUS01
1244,2025-02-19,1108.23,Phone,MUS01
1233,2025-02-19,977.24,Mouse,KGL01
1286,2025-02-19,654.92,Tablet,HYE01
1233,2025-02-19,41.14,Monitor,RUS01
1317,2025-02-19,787.68,Keyboard,HYE01
1110,2025-02-19,96.04,Phone,HYE01
1199,2025-02-19,50.08,Keyboard,KGL01
1134,2025-02-19,588.54,Monitor,HYE01
1054,2025-02-19,591.27,Mouse,RUS01
1327,2025-02-19,357.66,Keyboard,HYE01
1041,2025-02-19,191.66,Phone,HYE01
1024,2025-02-19,330.21,Monitor,KGL02
1098,2025-02-19,475.78,Headphones,KGL01
1256,2025-02-19,276.74,Phone,KGL02
1043,2025-02-19,789.91,Tablet,MUS01
1173,2025-02-19,566.86,Mouse,HYE01
1286,2025-02-19,1099.38,Printer,RUS01
1305,2025-02-19,1196.21,Monitor,KGL02
1129,2025-02-20,350.73,Laptop,RUS01
1341,2025-02-20,1041.2,Monitor,KGL02
1138,2025-02-20,933.78,Laptop,MUS01
1248,2025-02-20,451.92,Phone,RUS01
1229,2025-02-20,1093.66,Tablet,MUS01
1255,2025-02-20,176.85,Headphones,MUS01
1050,2025-02-20,747.17,Monitor,RUS01
1125,2025-02-20,866.3,Headphones,MUS01
1024,2025-02-20,259.9,Laptop,KGL01
1209,2025-02-20,764.29,Phone,MUS01
1033,2025-02-20,433.0,Laptop,KGL01
1315,2025-02-20,47.29,Phone,HYE01
1064,2025-02-20,894.74,Mouse,HYE01
1268,2025-02-20,647.03,Tablet,KGL02
1176,2025-02-20,595.81,Mouse,KGL02
1096,2025-02-20,301.67,Phone,MUS01
1060,2025-02-20,1007.82,Mouse,KGL01
1121,2025-02-20,350.0,Phone,KGL02
1232,2025-02-20,608.39,Headphones,KGL02
1304,2025-02-20,1022.74,Monitor,KGL01
1307,2025-02-20,105.72,Laptop,KGL01
1356,2025-02-20,84.73,Keyboard,HYE01
1368,2025-02-20,1134.06,Tablet,KGL01
1359,2025-02-20,641.56,Headphones,RUS01
1367,2025-02-20,1054.24,Phone,MUS01
1056,2025-02-21,423.79,Keyboard,KGL02
1232,2025-02-21,225.48,Monitor,HYE01
1263,2025-02-21,913.9,Printer,MUS01
1276,2025-02-21,686.69,Laptop,MUS01
1207,2025-02-21,251.62,Headphones,KGL02
1256,2025-02-21,889.74,Printer,KGL02
1301,2025-02-21,218.96,Mouse,KGL02
1082,2025-02-21,1062.16,Monitor,RUS01
1093,2025-02-21,340.09,Mouse,MUS01
1016,2025-02-21,752.66,Laptop,KGL01
1319,2025-02-21,623.46,Laptop,KGL02
1399,2025-02-21,1165.28,Keyboard,KGL02
1305,2025-02-21,396.65,Tablet,HYE01
1261,2025-02-21,592.77,Laptop,HYE01
1378,2025-02-21,853.74,Printer,KGL02
1095,2025-02-21,1036.41,Monitor,MUS01
1148,2025-02-21,215.32,Monitor,KGL01
1311,2025-02-21,657.28,Keyboard,KGL01
1006,2025-02-21,45.91,Printer,KGL01
1053,2025-02-21,918.73,Mouse,MUS01
1356,2025-02-21,691.49,Printer,RUS01
1033,2025-02-21,398.51,Printer,KGL01
1006,2025-02-22,689.93,Phone,HYE01
1035,2025-02-22,1021.71,Tablet,KGL01
1137,2025-02-22,723.04,Keyboard,KGL02
1400,2025-02-22,1181.77,Printer,MUS01
1000,2025-02-22,147.53,Printer,KGL02
1219,2025-02-22,885.17,Headphones,KGL01
1080,2025-02-22,813.07,Tablet,KGL01
1129,2025-02-22,291.27,Laptop,RUS01
1063,2025-02-22,1151.18,Printer,KGL01
1266,2025-02-22,1173.29,Monitor,RUS01
1247,2025-02-22,73.98,Printer,KGL01
1250,2025-02-22,407.2,Tablet,MUS01
1151,2025-02-22,276.65,Laptop,MUS01
1279,2025-02-22,612.52,Phone,HYE01
1279,2025-02-22,1121.11,Headphones,KGL02
1205,2025-02-22,83.9,Mouse,HYE01
1290,2025-02-22,113.66,Tablet,MUS01
1054,2025-02-22,1133.77,Mouse,KGL02
1178,2025-02-22,1171.45,Headphones,HYE01
1364,2025-02-22,941.28,Laptop,KGL02
1273,2025-02-22,26.44,Keyboard,KGL01
1010,2025-02-22,282.0,Monitor,RUS01
1276,2025-02-23,1134.27,Tablet,KGL01
1280,2025-02-23,739.81,Keyboard,KGL01
1246,2025-02-23,807.68,Tablet,KGL02
1052,2025-02-23,244.96,Monitor,RUS01
1234,2025-02-23,1115.03,Headphones,RUS01
1172,2025-02-23,834.91,Tablet,KGL02
1348,2025-02-23,287.63,Keyboard,RUS01
1136,2025-02-23,930.46,Mouse,RUS01
1311,2025-02-23,352.64,Laptop,MUS01
1348,2025-02-23,984.04,Phone,KGL01
1210,2025-02-23,314.81,Mouse,RUS01
1150,2025-02-23,472.29,Keyboard,KGL02
1042,2025-02-23,911.14,Tablet,KGL01
1251,2025-02-23,1144.39,Laptop,KGL02
1023,2025-02-23,824.76,Phone,KGL02
1084,2025-02-23,297.24,Keyboard,HYE01
1030,2025-02-23,697.99,Printer,KGL01
1110,2025-02-23,686.79,Printer,KGL02
1030,2025-02-23,1001.5,Laptop,MUS01
1378,2025-02-23,1017.4,Phone,MUS01
1374,2025-02-23,317.42,Printer,RUS01
1251,2025-02-23,623.33,Mouse,KGL01
1219,2025-02-23,1047.02,Tablet,RUS01
1258,2025-02-23,144.66,Keyboard,KGL02
1040,2025-02-23,153.46,Keyboard,MUS01
1106,2025-02-23,386.76,Phone,KGL01
1130,2025-02-23,178.86,Monitor,MUS01
1111,2025-02-24,1014.95,Laptop,KGL01
1241,2025-02-24,772.87,Laptop,RUS01
1290,2025-02-24,715.58,Printer,KGL02
1297,2025-02-24,752.31,Headphones,RUS01
1292,2025-02-24,237.42,Headphones,KGL02
1383,2025-02-24,1142.23,Phone,MUS01
1215,2025-02-24,525.18,Phone,HYE01
1033,2025-02-24,920.65,Keyboard,RUS01
1197,2025-02-24,511.26,Phone,RUS01
1173,2025-02-24,678.16,Tablet,RUS01
1072,2025-02-24,966.72,Tablet,MUS01
1355,2025-02-24,343.49,Monitor,RUS01
1396,2025-02-24,609.51,Laptop,KGL02
1322,2025-02-24,1035.79,Monitor,KGL01
1340,2025-02-24,165.98,Phone,KGL01
1104,2025-02-24,961.89,Printer,MUS01
1320,2025-02-24,1182.12,Printer,HYE01
1089,2025-02-25,592.0,Headphones,RUS01
1109,2025-02-25,971.08,Laptop,RUS01
1032,2025-02-25,876.89,Keyboard,KGL02
1279,2025-02-25,887.47,Laptop,RUS01
1342,2025-02-25,424.69,Printer,RUS01
1282,2025-02-25,878.09,Mouse,RUS01
1056,2025-02-25,197.62,Tablet,KGL01
1280,2025-02-25,212.41,Phone,KGL02
1039,2025-02-25,190.73,Headphones,RUS01
1001,2025-02-25,833.83,Laptop,MUS01
1266,2025-02-25,266.37,Laptop,RUS01
1264,2025-02-25,416.95,Monitor,MUS01
1108,2025-02-25,349.89,Headphones,HYE01
1209,2025-02-25,549.6,Phone,RUS01
1065,2025-02-25,986.28,Keyboard,MUS01
1359,2025-02-25,334.41,Laptop,RUS01
1396,2025-02-25,1081.48,Keyboard,HYE01
1241,2025-02-26,91.95,Monitor,MUS01
1076,2025-02-26,668.55,Keyboard,KGL01
1196,2025-02-26,714.08,Printer,KGL01
1325,2025-02-26,491.75,Headphones,KGL01
1156,2025-02-26,550.32,Laptop,KGL02
1264,2025-02-26,238.8,Mouse,KGL02
1184,2025-02-26,795.89,Printer,KGL02
1127,2025-02-26,195.43,Mouse,RUS01
1164,2025-02-26,199.45,Tablet,MUS01
1038,2025-02-26,170.53,Laptop,RUS01
1207,2025-02-26,1053.99,Printer,KGL01
1002,2025-02-26,1187.29,Laptop,HYE01
1376,2025-02-26,876.83,Phone,KGL01
1351,2025-02-26,298.41,Laptop,KGL01
1364,2025-02-26,715.06,Laptop,MUS01
1020,2025-02-26,1153.11,Printer,HYE01
1262,2025-02-26,503.66,Phone,RUS01
1350,2025-02-26,361.61,Headphones,KGL02
1270,2025-02-26,175.38,Laptop,KGL02
1394,2025-02-26,498.36,Printer,KGL01
1323,2025-02-26,250.13,Phone,KGL02
1253,2025-02-26,536.74,Printer,KGL01
1306,2025-02-26,1073.9,Headphones,MUS01
1142,2025-02-27,923.45,Headphones,HYE01
1079,2025-02-27,95.06,Printer,KGL01
1299,2025-02-27,596.78,Monitor,KGL02
1060,2025-02-27,376.05,Printer,HYE01
1239,2025-02-27,1164.03,Mouse,HYE01
1272,2025-02-27,874.79,Phone,RUS01
1221,2025-02-27,143.44,Mouse,RUS01
1297,2025-02-27,612.09,Headphones,KGL01
1349,2025-02-27,24.16,Keyboard,MUS01
1377,2025-02-27,683.85,Headphones,MUS01
1004,2025-02-27,703.13,Phone,RUS01
1024,2025-02-27,684.89,Mouse,KGL01
1159,2025-02-27,1050.95,Phone,KGL02
1319,2025-02-27,456.28,Tablet,RUS01
1341,2025-02-27,1193.86,Monitor,KGL01
1229,2025-02-27,282.0,Tablet,MUS01
1208,2025-02-27,297.11,Keyboard,RUS01
1161,2025-02-27,233.42,Keyboard,MUS01
1011,2025-02-27,1150.99,Monitor,MUS01
1324,2025-02-27,530.32,Tablet,MUS01
1262,2025-02-27,982.55,Printer,RUS01
1185,2025-02-27,157.98,Keyboard,KGL01
1295,2025-02-27,677.67,Tablet,MUS01
1399,2025-02-27,820.11,Keyboard,MUS01
1254,2025-02-27,566.95,Keyboard,KGL01
1224,2025-02-27,393.05,Phone,KGL02
1309,2025-02-28,1112.5,Printer,RUS01
1101,2025-02-28,185.25,Laptop,RUS01
1337,2025-02-28,922.24,Tablet,RUS01
1113,2025-02-28,19.96,Printer,KGL01
1335,2025-02-28,311.26,Tablet,MUS01
1392,2025-02-28,664.08,Headphones,HYE01
1104,2025-02-28,900.44,Headphones,MUS01
1318,2025-02-28,998.88,Keyboard,HYE01
1248,2025-02-28,1099.09,Headphones,RUS01
1281,2025-02-28,1147.13,Laptop,KGL01
1208,2025-02-28,488.0,Phone,HYE01
1138,2025-02-28,873.05,Keyboard,KGL02
1015,2025-02-28,453.14,Phone,MUS01
1371,2025-02-28,388.5,Keyboard,KGL01
1259,2025-02-28,835.63,Monitor,HYE01
1214,2025-02-28,831.37,Monitor,HYE01
1352,2025-02-28,383.03,Headphones,HYE01
1394,2025-02-28,1047.84,Phone,MUS01
1318,2025-03-01,411.23,Headphones,KGL01
1104,2025-03-01,1124.46,Mouse,RUS01
1255,2025-03-01,293.57,Laptop,KGL01
1080,2025-03-01,608.62,Keyboard,KGL02
1317,2025-03-01,844.5,Phone,MUS01
1253,2025-03-01,1172.65,Keyboard,RUS01
1269,2025-03-01,507.0,Printer,RUS01
1072,2025-03-01,769.74,Keyboard,HYE01
1351,2025-03-01,144.87,Headphones,RUS01
1174,2025-03-01,864.41,Headphones,KGL01
1233,2025-03-01,778.93,Headphones,KGL02
1041,2025-03-01,446.37,Mouse,KGL02
1258,2025-03-01,583.77,Printer,RUS01
1229,2025-03-01,782.09,Phone,KGL01
1104,2025-03-01,1084.01,Headphones,MUS01
1347,2025-03-01,465.19,Headphones,KGL02
1005,2025-03-01,607.03,Laptop,HYE01
1092,2025-03-01,1032.59,Keyboard,HYE01
1352,2025-03-01,695.62,Phone,RUS01
1265,2025-03-01,669.79,Laptop,RUS01
1391,2025-03-01,371.44,Laptop,HYE01
1313,2025-03-01,516.83,Monitor,RUS01
1123,2025-03-01,1193.42,Monitor,RUS01
1150,2025-03-01,360.5,Tablet,MUS01
1276,2025-03-01,489.02,Tablet,RUS01
1323,2025-03-02,591.72,Monitor,KGL02
1342,2025-03-02,151.36,Laptop,RUS01
1093,2025-03-02,589.88,Keyboard,HYE01
1300,2025-03-02,323.39,Headphones,HYE01
1357,2025-03-02,362.13,Headphones,HYE01
1057,2025-03-02,406.5,Tablet,KGL01
1066,2025-03-02,475.88,Mouse,MUS01
1299,2025-03-02,307.18,Phone,KGL02
1123,2025-03-02,199.24,Tablet,MUS01
1278,2025-03-02,349.68,Monitor,KGL02
1312,2025-03-02,295.22,Tablet,HYE01
1120,2025-03-02,1054.94,Keyboard,RUS01
1061,2025-03-02,1193.7,Headphones,RUS01
1017,2025-03-02,838.3,Laptop,KGL02
1260,2025-03-02,1090.44,Laptop,MUS01
1286,2025-03-02,1139.9,Printer,HYE01
1330,2025-03-02,82.41,Laptop,KGL02
1251,2025-03-02,976.03,Headphones,RUS01
1250,2025-03-02,927.2,Phone,MUS01
1190,2025-03-02,148.82,Tablet,KGL01
1196,2025-03-03,730.66,Phone,MUS01
1221,2025-03-03,475.48,Monitor,KGL01
1261,2025-03-03,141.09,Mouse,HYE01
1153,2025-03-03,452.88,Phone,HYE01
1193,2025-03-03,95.62,Keyboard,RUS01
1069,2025-03-03,704.51,Phone,KGL01
1262,2025-03-03,999.61,Tablet,KGL02
1208,2025-03-03,889.66,Printer,KGL02
1306,2025-03-03,1029.2,Headphones,HYE01
1009,2025-03-03,956.93,Headphones,KGL01
1350,2025-03-03,1087.48,Phone,KGL01
1280,2025-03-03,209.4,Laptop,KGL01
1270,2025-03-03,1047.75,Headphones,MUS01
1079,2025-03-03,185.76,Headphones,KGL02
1190,2025-03-03,804.89,Monitor,KGL01
1180,2025-03-03,940.65,Headphones,KGL02
1222,2025-03-03,795.51,Monitor,MUS01
1311,2025-03-03,993.93,Headphones,HYE01
1338,2025-03-03,212.28,Printer,HYE01
1352,2025-03-03,373.76,Monitor,MUS01
1260,2025-03-03,405.7,Tablet,MUS01
1127,2025-03-03,669.08,Headphones,RUS01
1342,2025-03-03,537.56,Keyboard,HYE01
1193,2025-03-03,843.15,Phone,HYE01
1380,2025-03-03,738.91,Tablet,RUS01
1197,2025-03-03,1021.13,Laptop,HYE01
1105,2025-03-03,265.85,Headphones,KGL02
1149,2025-03-03,304.2,Monitor,HYE01
1269,2025-03-04,767.02,Tablet,KGL02
1174,2025-03-04,567.61,Monitor,KGL02
1109,2025-03-04,826.5,Monitor,MUS01
1077,2025-03-04,1046.29,Laptop,MUS01
1373,2025-03-04,21.53,Mouse,HYE01
1013,2025-03-04,292.37,Mouse,RUS01
1328,2025-03-04,259.81,Monitor,KGL02
1280,2025-03-04,669.41,Phone,HYE01
1038,2025-03-04,752.41,Printer,MUS01
1104,2025-03-04,912.52,Monitor,KGL02
1050,2025-03-04,952.57,Tablet,KGL02
1117,2025-03-04,109.21,Phone,MUS01
1227,2025-03-04,600.08,Printer,RUS01
1344,2025-03-04,340.78,Printer,KGL02
1191,2025-03-04,444.5,Laptop,KGL02
1103,2025-03-04,90.13,Tablet,HYE01
1315,2025-03-04,707.47,Phone,RUS01
1216,2025-03-04,91.02,Headphones,MUS01
1226,2025-03-04,1111.89,Laptop,KGL01
1359,2025-03-04,1098.39,Printer,HYE01
1277,2025-03-04,35.62,Phone,KGL01
1294,2025-03-04,870.16,Laptop,MUS01
1384,2025-03-04,1087.49,Monitor,MUS01
1076,2025-03-04,561.01,Printer,HYE01
1281,2025-03-04,475.39,Printer,KGL01
1002,2025-03-05,1013.49,Tablet,KGL01
1102,2025-03-05,235.54,Keyboard,KGL01
1267,2025-03-05,863.96,Mouse,RUS01
1243,2025-03-05,345.16,Phone,HYE01
1167,2025-03-05,586.22,Keyboard,MUS01
1320,2025-03-05,264.4,Mouse,RUS01
1222,2025-03-05,697.34,Phone,MUS01
1182,2025-03-05,148.86,Laptop,RUS01
1264,2025-03-05,1007.77,Monitor,RUS01
1034,2025-03-05,517.65,Headphones,HYE01
1381,2025-03-05,945.41,Laptop,KGL02
1258,2025-03-05,419.92,Headphones,MUS01
1158,2025-03-05,922.38,Phone,KGL02
1059,2025-03-05,610.73,Headphones,MUS01
1192,2025-03-05,96.07,Monitor,KGL02
1118,2025-03-05,807.82,Headphones,RUS01
1255,2025-03-05,623.47,Keyboard,HYE01
1268,2025-03-05,295.72,Headphones,HYE01
1323,2025-03-05,971.78,Phone,KGL02
1106,2025-03-05,356.82,Monitor,KGL02
1154,2025-03-05,830.69,Keyboard,KGL02
1285,2025-03-05,553.17,Monitor,HYE01
1122,2025-03-05,1161.59,Keyboard,MUS01
1272,2025-03-05,872.65,Headphones,KGL01
1068,2025-03-05,281.78,Monitor,RUS01
1103,2025-03-06,449.52,Mouse,HYE01
1006,2025-03-06,569.43,Printer,HYE01
1350,2025-03-06,339.94,Headphones,KGL01
1054,2025-03-06,892.04,Printer,HYE01
1399,2025-03-06,538.28,Headphones,KGL02
1399,2025-03-06,1133.0,Headphones,MUS01
1343,2025-03-06,308.33,Keyboard,RUS01
1157,2025-03-06,226.26,Mouse,RUS01
1325,2025-03-06,986.07,Laptop,HYE01
1258,2025-03-06,905.65,Mouse,RUS01
1316,2025-03-06,603.39,Mouse,HYE01
1215,2025-03-06,355.8,Laptop,RUS01
1075,2025-03-06,687.82,Phone,HYE01
1305,2025-03-06,57.6,Phone,KGL01
1054,2025-03-06,370.7,Printer,MUS01
1056,2025-03-06,920.97,Monitor,MUS01
1080,2025-03-06,1160.32,Headphones,RUS01
1214,2025-03-06,1036.04,Monitor,MUS01
1391,2025-03-06,165.86,Monitor,MUS01
1371,2025-03-07,458.59,Monitor,RUS01
1173,2025-03-07,116.03,Tablet,HYE01
1043,2025-03-07,983.63,Printer,RUS01
1220,2025-03-07,1198.62,Phone,MUS01
1153,2025-03-07,542.71,Printer,RUS01
1385,2025-03-07,966.51,Mouse,MUS01
1197,2025-03-07,406.02,Tablet,HYE01
1092,2025-03-07,782.77,Monitor,HYE01
1138,2025-03-07,323.86,Tablet,KGL01
1232,2025-03-07,270.19,Tablet,RUS01
1256,2025-03-07,1035.84,Phone,MUS01
1364,2025-03-07,990.31,Printer,KGL02
1287,2025-03-07,420.98,Printer,RUS01
1252,2025-03-07,1129.3,Mouse,KGL02
1240,2025-03-07,743.49,Mouse,RUS01
1207,2025-03-07,146.5,Printer,HYE01
1230,2025-03-07,1116.48,Mouse,MUS01
1004,2025-03-07,1075.52,Monitor,RUS01
1210,2025-03-07,118.61,Tablet,RUS01
1115,2025-03-07,355.28,Headphones,MUS01
1110,2025-03-07,1048.56,Laptop,KGL01
1269,2025-03-07,949.48,Phone,HYE01
1385,2025-03-07,974.61,Monitor,KGL02
1162,2025-03-07,832.29,Monitor,RUS01
1206,2025-03-07,164.87,Monitor,MUS01
1216,2025-03-07,90.45,Phone,RUS01
1376,2025-03-07,498.48,Phone,RUS01
1122,2025-03-08,633.98,Mouse,KGL02
1189,2025-03-08,986.47,Phone,KGL02
1346,2025-03-08,76.75,Laptop,RUS01
1235,2025-03-08,394.24,Printer,RUS01
1006,2025-03-08,33.84,Monitor,KGL01
1108,2025-03-08,699.53,Tablet,RUS01
1053,2025-03-08,458.63,Monitor,KGL01
1133,2025-03-08,91.69,Mouse,MUS01
1086,2025-03-08,1067.46,Monitor,RUS01
1040,2025-03-08,845.41,Tablet,RUS01
1206,2025-03-08,777.53,Phone,RUS01
1086,2025-03-08,53.34,Keyboard,HYE01
1065,2025-03-08,1199.76,Mouse,HYE01
1318,2025-03-08,450.74,Monitor,RUS01
1131,2025-03-08,930.73,Keyboard,HYE01
1214,2025-03-08,178.67,Tablet,RUS01
1056,2025-03-08,607.74,Monitor,HYE01
1258,2025-03-08,1005.28,Laptop,KGL02
1021,2025-03-08,911.57,Mouse,MUS01
1360,2025-03-08,943.99,Laptop,MUS01
1203,2025-03-09,821.52,Phone,KGL02
1086,2025-03-09,352.5,Printer,MUS01
1400,2025-03-09,162.0,Keyboard,KGL01
1102,2025-03-09,1082.94,Laptop,RUS01
1153,2025-03-09,300.39,Printer,HYE01
1008,2025-03-09,851.02,Laptop,RUS01
1219,2025-03-09,227.7,Laptop,KGL01
1059,2025-03-09,415.12,Monitor,KGL02
1331,2025-03-09,356.85,Laptop,MUS01
1396,2025-03-09,231.52,Tablet,KGL01
1385,2025-03-09,80.05,Printer,HYE01
1263,2025-03-09,966.83,Monitor,KGL01
1079,2025-03-09,332.33,Headphones,KGL02
1333,2025-03-09,545.8,Mouse,KGL02
1352,2025-03-10,1109.12,Phone,MUS01
1074,2025-03-10,671.0,Monitor,HYE01
1106,2025-03-10,272.1,Phone,KGL02
1118,2025-03-10,472.62,Printer,MUS01
1012,2025-03-10,101.77,Monitor,RUS01
1302,2025-03-10,390.29,Tablet,HYE01
1375,2025-03-10,973.38,Mouse,RUS01
1138,2025-03-10,439.16,Laptop,RUS01
1290,2025-03-10,174.23,Printer,MUS01
1124,2025-03-10,785.29,Keyboard,KGL01
1159,2025-03-10,380.3,Laptop,KGL01
1333,2025-03-10,719.05,Keyboard,RUS01
1367,2025-03-10,644.35,Printer,MUS01
1392,2025-03-11,593.75,Mouse,KGL01
1234,2025-03-11,1093.84,Keyboard,MUS01
1315,2025-03-11,1125.48,Tablet,RUS01
1357,2025-03-11,510.46,Mouse,KGL01
1241,2025-03-11,648.7,Mouse,HYE01
1278,2025-03-11,1046.38,Mouse,RUS01
1238,2025-03-11,867.26,Printer,HYE01
1059,2025-03-11,1175.91,Keyboard,KGL01
1367,2025-03-11,451.05,Headphones,KGL01
1098,2025-03-11,688.17,Printer,RUS01
1069,2025-03-11,826.54,Tablet,KGL01
1181,2025-03-11,646.94,Tablet,KGL01
1393,2025-03-11,899.77,Mouse,KGL02
1181,2025-03-11,1199.59,Headphones,HYE01
1383,2025-03-11,563.37,Headphones,KGL02
1245,2025-03-11,1066.08,Printer,KGL01
1188,2025-03-11,755.73,Printer,MUS01
1348,2025-03-12,915.16,Laptop,HYE01
1353,2025-03-12,369.63,Laptop,RUS01
1307,2025-03-12,484.73,Mouse,KGL01
1036,2025-03-12,651.3,Printer,KGL01
1228,2025-03-12,44.9,Phone,HYE01
1291,2025-03-12,1141.63,Tablet,RUS01
1170,2025-03-12,688.0,Phone,HYE01
1400,2025-03-12,850.59,Tablet,KGL01
1257,2025-03-12,813.86,Mouse,RUS01
1285,2025-03-12,1052.47,Laptop,KGL02
1196,2025-03-12,981.8,Monitor,RUS01
1296,2025-03-12,1160.64,Mouse,MUS01
1028,2025-03-12,143.14,Printer,MUS01
1091,2025-03-12,368.88,Mouse,RUS01
1394,2025-03-12,1185.14,Phone,KGL01
1262,2025-03-12,708.96,Printer,HYE01
1208,2025-03-13,524.5,Printer,KGL01
1388,2025-03-13,198.28,Laptop,KGL01
1399,2025-03-13,689.51,Monitor,HYE01
1264,2025-03-13,18.02,Tablet,KGL02
1355,2025-03-13,541.09,Mouse,RUS01
1316,2025-03-13,1123.33,Mouse,KGL02
1165,2025-03-13,672.64,Mouse,MUS01
1040,2025-03-13,113.89,Phone,KGL01
1000,2025-03-13,335.58,Monitor,KGL02
1265,2025-03-13,1132.09,Laptop,RUS01
1135,2025-03-13,1146.07,Tablet,KGL01
1099,2025-03-13,616.4,Keyboard,MUS01
1205,2025-03-13,1023.0,Monitor,KGL02
1052,2025-03-13,112.21,Mouse,HYE01
1387,2025-03-13,1191.26,Tablet,MUS01
1358,2025-03-13,490.88,Keyboard,KGL02
1029,2025-03-13,61.22,Mouse,KGL02
1113,2025-03-13,667.92,Phone,KGL01
1238,2025-03-13,969.26,Phone,RUS01
1008,2025-03-13,343.51,Mouse,MUS01
1222,2025-03-14,321.58,Keyboard,RUS01
1202,2025-03-14,54.83,Monitor,MUS01
1138,2025-03-14,667.27,Phone,HYE01
1327,2025-03-14,722.6,Tablet,MUS01
1397,2025-03-14,172.78,Keyboard,RUS01
1383,2025-03-14,537.44,Tablet,RUS01
1001,2025-03-14,505.4,Printer,KGL01
1059,2025-03-14,862.81,Printer,MUS01
1220,2025-03-14,398.06,Printer,HYE01
1075,2025-03-14,651.19,Monitor,MUS01
1002,2025-03-14,722.31,Laptop,MUS01
1339,2025-03-14,694.1,Mouse,HYE01
1252,2025-03-14,622.12,Mouse,KGL01
1090,2025-03-14,676.87,Printer,RUS01
1285,2025-03-14,96.18,Mouse,KGL02
1184,2025-03-14,359.42,Laptop,KGL01
1190,2025-03-14,631.05,Headphones,RUS01
1282,2025-03-15,32.56,Headphones,KGL01
1021,2025-03-15,304.86,Laptop,MUS01
1162,2025-03-15,107.24,Printer,MUS01
1080,2025-03-15,904.67,Mouse,MUS01
1050,2025-03-15,639.35,Keyboard,KGL01
1292,2025-03-15,109.67,Phone,MUS01
1068,2025-03-15,994.93,Keyboard,MUS01
1175,2025-03-15,1014.58,Printer,KGL02
1153,2025-03-15,806.9,Keyboard,KGL02
1348,2025-03-15,984.91,Monitor,RUS01
1000,2025-03-15,333.91,Monitor,HYE01
1320,2025-03-15,764.11,Tablet,HYE01
1264,2025-03-15,271.91,Headphones,RUS01
1249,2025-03-15,1077.28,Phone,KGL02
1081,2025-03-15,834.21,Keyboard,RUS01
1150,2025-03-15,40.37,Keyboard,KGL02
1364,2025-03-15,170.79,Printer,KGL02
1337,2025-03-15,71.92,Mouse,HYE01
1010,2025-03-15,1051.68,Mouse,KGL01
1086,2025-03-15,560.66,Laptop,KGL01
1112,2025-03-15,690.92,Headphones,KGL02
1322,2025-03-15,246.39,Keyboard,HYE01
1011,2025-03-15,887.69,Printer,KGL02
1199,2025-03-15,556.66,Phone,KGL01
1120,2025-03-15,687.5,Printer,KGL01
1019,2025-03-15,744.93,Tablet,KGL01
1203,2025-03-15,199.88,Tablet,KGL01
1290,2025-03-15,196.28,Monitor,RUS01
1379,2025-03-15,497.76,Phone,MUS01
1004,2025-03-15,343.12,Mouse,KGL01
1175,2025-03-16,116.58,Headphones,MUS01
1196,2025-03-16,1099.41,Keyboard,MUS01
1008,2025-03-16,123.11,Monitor,MUS01
1282,2025-03-16,680.69,Laptop,KGL01
1022,2025-03-16,597.61,Printer,KGL02
1142,2025-03-16,253.12,Keyboard,KGL02
1396,2025-03-16,13.02,Tablet,RUS01
1226,2025-03-16,814.1,Keyboard,KGL01
1082,2025-03-16,185.17,Laptop,KGL02
1257,2025-03-16,286.49,Monitor,KGL01
1241,2025-03-16,309.07,Monitor,KGL02
1304,2025-03-16,739.42,Keyboard,MUS01
1187,2025-03-16,953.21,Phone,KGL02
1364,2025-03-16,593.43,Phone,KGL01
1311,2025-03-16,196.52,Laptop,HYE01
1094,2025-03-16,559.44,Tablet,KGL01
1393,2025-03-16,1096.28,Monitor,KGL02
1374,2025-03-16,138.71,Keyboard,KGL02
1071,2025-03-16,183.27,Phone,MUS01
1360,2025-03-16,835.75,Printer,RUS01
1296,2025-03-16,185.69,Monitor,KGL01
1281,2025-03-17,590.75,Headphones,RUS01
1332,2025-03-17,686.23,Printer,MUS01
1000,2025-03-17,217.74,Tablet,HYE01
1081,2025-03-17,30.33,Monitor,KGL01
1382,2025-03-17,1141.69,Keyboard,RUS01
1398,2025-03-17,696.24,Phone,MUS01
1146,2025-03-17,681.01,Phone,HYE01
1260,2025-03-17,533.8,Mouse,MUS01
1358,2025-03-17,1128.92,Tablet,RUS01
1034,2025-03-17,848.5,Keyboard,HYE01
1082,2025-03-17,204.46,Mouse,KGL02
1328,2025-03-17,1180.64,Tablet,MUS01
1065,2025-03-17,1084.24,Headphones,KGL02
1079,2025-03-17,1002.5,Keyboard,KGL01
1345,2025-03-17,862.33,Headphones,RUS01
1326,2025-03-17,234.04,Monitor,KGL01
1154,2025-03-17,996.52,Tablet,KGL01
1062,2025-03-17,182.57,Printer,KGL02
1158,2025-03-17,1186.86,Monitor,HYE01
1385,2025-03-17,61.55,Printer,KGL01
1200,2025-03-17,78.76,Printer,KGL01
1082,2025-03-17,314.56,Tablet,KGL02
1106,2025-03-17,392.73,Phone,HYE01
1109,2025-03-17,338.88,Mouse,RUS01
1302,2025-03-17,1162.83,Laptop,HYE01
1080,2025-03-17,172.89,Mouse,RUS01
1396,2025-03-17,1173.24,Headphones,HYE01
1063,2025-03-17,815.59,Monitor,KGL01
1343,2025-03-18,558.95,Keyboard,HYE01
1214,2025-03-18,1146.17,Phone,KGL02
1364,2025-03-18,136.75,Keyboard,KGL02
1043,2025-03-18,1057.86,Tablet,HYE01
1388,2025-03-18,863.52,Mouse,RUS01
1314,2025-03-18,185.12,Printer,MUS01
1216,2025-03-18,937.67,Keyboard,MUS01
1308,2025-03-18,113.77,Laptop,MUS01
1180,2025-03-18,265.55,Headphones,KGL02
1355,2025-03-18,17.71,Laptop,MUS01
1159,2025-03-18,615.95,Tablet,RUS01
1330,2025-03-18,70.91,Laptop,MUS01
1379,2025-03-18,563.67,Phone,KGL02
1153,2025-03-18,76.88,Monitor,KGL02
1216,2025-03-18,714.49,Tablet,MUS01
1084,2025-03-18,300.68,Phone,MUS01
1362,2025-03-18,268.78,Tablet,RUS01
1228,2025-03-18,367.98,Tablet,HYE01
1220,2025-03-18,338.0,Phone,KGL02
1172,2025-03-19,1128.98,Mouse,KGL01
1315,2025-03-19,993.79,Printer,HYE01
1219,2025-03-19,407.42,Keyboard,MUS01
1331,2025-03-19,1048.96,Phone,MUS01
1246,2025-03-19,1068.01,Laptop,HYE01
1154,2025-03-19,917.38,Headphones,KGL01
1112,2025-03-19,1150.75,Monitor,KGL02
1248,2025-03-19,430.03,Keyboard,RUS01
1174,2025-03-19,846.97,Headphones,HYE01
1263,2025-03-19,560.33,Keyboard,KGL01
1235,2025-03-19,110.74,Printer,HYE01
1090,2025-03-19,545.81,Laptop,KGL01
1228,2025-03-20,142.22,Tablet,KGL01
1045,2025-03-20,105.77,Printer,MUS01
1249,2025-03-20,866.74,Phone,KGL02
1384,2025-03-20,1164.88,Monitor,KGL02
1088,2025-03-20,487.32,Printer,RUS01
1369,2025-03-20,858.2,Monitor,RUS01
1067,2025-03-20,847.6,Phone,RUS01
1314,2025-03-20,865.94,Keyboard,MUS01
1107,2025-03-20,735.27,Headphones,HYE01
1356,2025-03-20,942.15,Laptop,KGL01
1346,2025-03-20,591.89,Phone,MUS01
1050,2025-03-20,577.12,Monitor,RUS01
1025,2025-03-20,98.7,Phone,HYE01
1103,2025-03-20,436.36,Tablet,KGL01
1030,2025-03-20,912.83,Headphones,KGL02
1288,2025-03-20,886.04,Monitor,RUS01
1025,2025-03-21,700.03,Monitor,KGL01
1286,2025-03-21,1000.62,Mouse,RUS01
1361,2025-03-21,479.67,Laptop,RUS01
1156,2025-03-21,919.84,Keyboard,HYE01
1017,2025-03-21,951.25,Headphones,RUS01
1041,2025-03-21,278.82,Mouse,HYE01
1215,2025-03-21,1099.06,Printer,HYE01
1187,2025-03-21,1128.59,Tablet,RUS01
1329,2025-03-21,914.9,Headphones,MUS01
1121,2025-03-21,284.35,Monitor,HYE01
1155,2025-03-21,522.99,Phone,KGL02
1348,2025-03-21,808.77,Laptop,HYE01
1201,2025-03-21,1131.28,Mouse,RUS01
1112,2025-03-21,1161.98,Laptop,KGL01
1202,2025-03-21,1072.03,Tablet,KGL02
1261,2025-03-21,316.32,Keyboard,RUS01
1240,2025-03-21,282.9,Mouse,KGL01
1071,2025-03-21,385.99,Mouse,KGL02
1293,2025-03-21,391.4,Printer,RUS01
1265,2025-03-21,290.15,Headphones,HYE01
1011,2025-03-21,931.25,Headphones,MUS01
1208,2025-03-21,167.77,Laptop,HYE01
1085,2025-03-21,654.71,Laptop,HYE01
1221,2025-03-21,1058.74,Monitor,KGL02
1108,2025-03-21,349.77,Phone,KGL02
1099,2025-03-22,252.1,Printer,KGL01
1338,2025-03-22,363.15,Mouse,KGL02
1128,2025-03-22,1144.53,Keyboard,KGL01
1184,2025-03-22,514.36,Phone,MUS01
1141,2025-03-22,429.67,Headphones,KGL01
1099,2025-03-22,590.06,Mouse,MUS01
1203,2025-03-22,1117.75,Printer,HYE01
1386,2025-03-22,80.97,Keyboard,MUS01
1060,2025-03-22,628.73,Monitor,HYE01
1088,2025-03-22,208.87,Laptop,HYE01
1174,2025-03-22,827.05,Monitor,RUS01
1017,2025-03-22,978.18,Headphones,RUS01
1280,2025-03-22,280.71,Mouse,MUS01
1148,2025-03-22,773.12,Laptop,RUS01
1109,2025-03-22,977.27,Phone,HYE01
1128,2025-03-22,758.09,Laptop,RUS01
1292,2025-03-22,1126.53,Printer,RUS01
1226,2025-03-22,563.67,Monitor,RUS01
1211,2025-03-22,55.01,Keyboard,HYE01
1277,2025-03-22,657.64,Laptop,KGL01
1149,2025-03-22,165.92,Phone,MUS01
1274,2025-03-22,142.77,Phone,HYE01
1137,2025-03-22,1166.33,Headphones,KGL01
1392,2025-03-22,1137.31,Tablet,KGL01
1069,2025-03-23,155.01,Printer,HYE01
1152,2025-03-23,165.21,Tablet,HYE01
1142,2025-03-23,1194.46,Mouse,KGL01
1119,2025-03-23,979.82,Printer,MUS01
1167,2025-03-23,950.11,Tablet,KGL02
1089,2025-03-23,798.56,Tablet,MUS01
1017,2025-03-23,387.74,Tablet,RUS01
1177,2025-03-23,682.38,Laptop,MUS01
1048,2025-03-23,320.7,Mouse,KGL01
1072,2025-03-23,1050.01,Laptop,HYE01
1329,2025-03-23,233.92,Tablet,KGL01
1336,2025-03-23,1045.81,Tablet,RUS01
1030,2025-03-23,281.57,Headphones,RUS01
1367,2025-03-23,806.52,Phone,HYE01
1235,2025-03-23,1028.93,Headphones,HYE01
1268,2025-03-23,838.8,Printer,KGL01
1147,2025-03-23,220.31,Monitor,KGL02
1213,2025-03-23,1073.66,Laptop,RUS01
1325,2025-03-23,246.32,Headphones,MUS01
1116,2025-03-23,536.17,Keyboard,MUS01
1004,2025-03-23,690.38,Keyboard,KGL02
1338,2025-03-24,531.07,Headphones,KGL02
1380,2025-03-24,809.09,Tablet,MUS01
1244,2025-03-24,70.63,Monitor,KGL02
1216,2025-03-24,1189.31,Headphones,RUS01
1293,2025-03-24,354.66,Laptop,KGL01
1165,2025-03-24,628.95,Laptop,MUS01
1064,2025-03-24,1152.75,Laptop,KGL01
1338,2025-03-24,649.0,Monitor,KGL02
1065,2025-03-24,1184.23,Monitor,MUS01
1212,2025-03-24,387.33,Tablet,RUS01
1344,2025-03-24,683.07,Monitor,KGL01
1331,2025-03-24,131.76,Tablet,MUS01
1327,2025-03-24,207.62,Headphones,MUS01
1105,2025-03-24,578.56,Monitor,MUS01
1080,2025-03-24,374.93,Laptop,HYE01
1192,2025-03-24,553.18,Laptop,KGL01
1197,2025-03-24,808.86,Laptop,KGL01
1063,2025-03-25,150.92,Headphones,KGL02
1197,2025-03-25,727.72,Tablet,KGL01
1100,2025-03-25,1037.31,Printer,KGL01
1131,2025-03-25,924.71,Phone,KGL02
1153,2025-03-25,89.14,Keyboard,MUS01
1377,2025-03-25,838.01,Keyboard,KGL02
1063,2025-03-25,230.6,Monitor,HYE01
1375,2025-03-25,661.78,Mouse,KGL02
1077,2025-03-25,779.46,Printer,KGL02
1169,2025-03-25,1084.8,Keyboard,RUS01
1228,2025-03-25,902.7,Headphones,RUS01
1126,2025-03-25,123.38,Laptop,HYE01
1050,2025-03-25,1110.8,Headphones,RUS01
1038,2025-03-25,93.53,Tablet,HYE01
1271,2025-03-25,67.21,Monitor,KGL02
1155,2025-03-25,568.04,Phone,KGL02
1192,2025-03-25,1008.08,Keyboard,KGL02
1199,2025-03-25,827.55,Tablet,HYE01
1316,2025-03-25,900.79,Printer,HYE01
1265,2025-03-26,1045.51,Laptop,KGL02
1019,2025-03-26,622.11,Tablet,MUS01
1342,2025-03-26,542.49,Monitor,KGL02
1216,2025-03-26,601.62,Headphones,KGL02
1312,2025-03-26,582.14,Keyboard,RUS01
1361,2025-03-26,777.81,Laptop,HYE01
1378,2025-03-26,702.4,Headphones,KGL02
1339,2025-03-26,462.9,Monitor,HYE01
1240,2025-03-26,230.07,Headphones,MUS01
1132,2025-03-26,809.82,Tablet,KGL01
1035,2025-03-26,1169.12,Headphones,HYE01
1337,2025-03-26,1077.66,Printer,KGL02
1263,2025-03-26,366.93,Mouse,HYE01
1058,2025-03-26,743.64,Keyboard,KGL01
1178,2025-03-26,808.41,Laptop,HYE01
1127,2025-03-26,811.31,Tablet,HYE01
1153,2025-03-26,892.75,Mouse,RUS01
1109,2025-03-26,685.29,Phone,HYE01
1189,2025-03-26,1048.56,Laptop,KGL02
1367,2025-03-26,528.13,Headphones,HYE01
1046,2025-03-26,1189.17,Monitor,MUS01
1041,2025-03-27,185.63,Headphones,RUS01
1243,2025-03-27,548.75,Tablet,MUS01
1089,2025-03-27,1196.68,Headphones,MUS01
1165,2025-03-27,948.33,Phone,KGL02
1000,2025-03-27,881.64,Mouse,MUS01
1245,2025-03-27,387.77,Tablet,HYE01
1279,2025-03-27,853.06,Headphones,KGL02
1318,2025-03-27,123.79,Mouse,KGL02
1094,2025-03-27,1035.32,Tablet,HYE01
1230,2025-03-27,339.49,Laptop,KGL02
1309,2025-03-27,1082.86,Tablet,RUS01
1334,2025-03-27,402.82,Laptop,RUS01
1141,2025-03-27,482.88,Headphones,KGL01
1208,2025-03-27,477.34,Laptop,KGL01
1091,2025-03-27,866.36,Tablet,KGL01
1381,2025-03-27,224.52,Phone,HYE01
1140,2025-03-27,664.68,Printer,MUS01
1241,2025-03-27,61.86,Mouse,KGL01
1358,2025-03-27,75.67,Keyboard,HYE01
1008,2025-03-27,280.54,Tablet,KGL01
1095,2025-03-27,223.63,Laptop,KGL01
1221,2025-03-27,511.54,Printer,MUS01
1164,2025-03-27,668.54,Keyboard,RUS01
1347,2025-03-27,248.75,Printer,RUS01
1387,2025-03-27,191.46,Phone,MUS01
1391,2025-03-27,484.02,Monitor,KGL01
1032,2025-03-27,715.91,Phone,HYE01
1311,2025-03-27,616.28,Printer,MUS01
1051,2025-03-27,345.42,Monitor,MUS01
1386,2025-03-27,394.37,Tablet,HYE01
1313,2025-03-28,979.94,Monitor,MUS01
1243,2025-03-28,220.01,Monitor,HYE01
1033,2025-03-28,119.09,Laptop,RUS01
1135,2025-03-28,816.44,Headphones,MUS01
1137,2025-03-28,685.17,Printer,KGL01
1105,2025-03-28,18.32,Mouse,KGL01
1337,2025-03-28,720.8,Laptop,HYE01
1057,2025-03-28,71.34,Printer,MUS01
1226,2025-03-28,1077.02,Phone,RUS01
1034,2025-03-28,1045.68,Mouse,MUS01
1185,2025-03-28,645.29,Keyboard,KGL02
1356,2025-03-28,371.53,Headphones,KGL02
1311,2025-03-28,522.92,Headphones,MUS01
1339,2025-03-28,100.68,Printer,MUS01
1213,2025-03-28,1177.98,Phone,MUS01
1193,2025-03-28,1134.94,Laptop,KGL02
1226,2025-03-28,1095.49,Printer,MUS01
1305,2025-03-28,925.67,Mouse,MUS01
1147,2025-03-28,132.43,Headphones,KGL02
1006,2025-03-28,469.47,Headphones,KGL01
1092,2025-03-28,1073.28,Monitor,KGL01
1259,2025-03-28,977.82,Headphones,HYE01
1087,2025-03-28,346.36,Tablet,HYE01
1043,2025-03-28,1085.15,Phone,MUS01
1019,2025-03-28,392.13,Monitor,KGL01
1366,2025-03-28,740.46,Printer,KGL02
1150,2025-03-28,359.78,Keyboard,KGL01
1202,2025-03-28,864.48,Headphones,HYE01
1370,2025-03-28,375.49,Printer,MUS01
1098,2025-03-29,246.44,Monitor,HYE01
1125,2025-03-29,381.81,Headphones,KGL02
1110,2025-03-29,10.82,Headphones,KGL01
1047,2025-03-29,501.6,Laptop,KGL02
1324,2025-03-29,757.74,Headphones,HYE01
1092,2025-03-29,1001.67,Tablet,RUS01
1345,2025-03-29,97.7,Keyboard,RUS01
1008,2025-03-29,1177.86,Laptop,MUS01
1384,2025-03-29,928.35,Mouse,HYE01
1359,2025-03-29,819.24,Keyboard,MUS01
1235,2025-03-29,669.76,Monitor,RUS01
1134,2025-03-29,221.31,Tablet,RUS01
1095,2025-03-29,468.82,Laptop,KGL01
1113,2025-03-29,464.31,Tablet,RUS01
1239,2025-03-29,127.1,Monitor,HYE01
1025,2025-03-29,933.16,Mouse,KGL01
1345,2025-03-29,239.76,Laptop,HYE01
1231,2025-03-29,327.45,Phone,KGL02
1053,2025-03-30,1009.08,Phone,KGL02
1359,2025-03-30,206.04,Headphones,HYE01
1394,2025-03-30,1173.93,Phone,KGL01
1065,2025-03-30,721.7,Monitor,RUS01
1132,2025-03-30,382.63,Laptop,KGL01
1353,2025-03-30,1014.91,Keyboard,RUS01
1080,2025-03-30,333.38,Laptop,RUS01
1169,2025-03-30,336.38,Laptop,KGL02
1006,2025-03-30,463.96,Tablet,KGL01
1179,2025-03-30,224.37,Printer,RUS01
1333,2025-03-30,296.91,Laptop,RUS01
1008,2025-03-30,124.14,Keyboard,KGL01
1116,2025-03-30,694.31,Mouse,KGL01
1009,2025-03-30,461.05,Headphones,RUS01
1210,2025-03-30,901.2,Monitor,HYE01
1000,2025-03-30,1156.2,Headphones,MUS01
1352,2025-03-30,615.61,Mouse,KGL02
1301,2025-03-30,387.79,Mouse,RUS01
1184,2025-03-30,296.44,Monitor,KGL01
1003,2025-03-30,317.17,Mouse,RUS01
1087,2025-03-30,1187.59,Laptop,KGL02
1285,2025-03-30,1173.61,Printer,MUS01
1192,2025-03-30,636.41,Mouse,RUS01
1192,2025-03-30,967.83,Printer,RUS01
1226,2025-03-30,482.44,Monitor,KGL02
1084,2025-03-31,244.06,Monitor,HYE01
1289,2025-03-31,974.73,Laptop,HYE01
1169,2025-03-31,743.8,Headphones,KGL01
1121,2025-03-31,35.2,Keyboard,HYE01
1180,2025-03-31,417.0,Phone,KGL01
1168,2025-03-31,101.27,Mouse,MUS01
1076,2025-03-31,1020.03,Laptop,RUS01
1096,2025-03-31,23.42,Mouse,HYE01
1020,2025-03-31,1033.3,Monitor,KGL02
1172,2025-03-31,869.08,Phone,KGL01
1066,2025-03-31,266.88,Printer,KGL01
1190,2025-03-31,750.96,Keyboard,KGL02
1025,2025-03-31,553.62,Keyboard,KGL01
1063,2025-03-31,533.69,Phone,RUS01
1300,2025-03-31,459.83,Headphones,HYE01
1296,2025-03-31,857.33,Mouse,MUS01
1304,2025-03-31,834.66,Headphones,MUS01
1303,2025-04-01,697.86,Tablet,MUS01
1348,2025-04-01,162.32,Printer,KGL01
1274,2025-04-01,404.71,Keyboard,KGL01
1150,2025-04-01,439.41,Laptop,KGL02
1231,2025-04-01,707.53,Laptop,RUS01
1041,2025-04-01,505.42,Monitor,KGL02
1071,2025-04-01,1162.24,Monitor,HYE01
1088,2025-04-01,887.64,Printer,MUS01
1120,2025-04-01,926.11,Printer,KGL02
1180,2025-04-01,591.88,Laptop,KGL01
1397,2025-04-01,39.06,Tablet,KGL02
1102,2025-04-01,1049.3,Tablet,RUS01
1264,2025-04-01,101.11,Tablet,KGL01
1356,2025-04-01,1128.84,Printer,RUS01
1208,2025-04-01,63.59,Tablet,KGL01
1176,2025-04-01,975.23,Monitor,HYE01
1221,2025-04-01,867.88,Mouse,KGL01
1391,2025-04-01,937.8,Headphones,MUS01
1028,2025-04-01,783.87,Phone,RUS01
1078,2025-04-01,944.53,Mouse,HYE01
1162,2025-04-01,768.33,Headphones,KGL02
1352,2025-04-01,78.26,Headphones,KGL01
1141,2025-04-01,489.36,Printer,KGL01
1035,2025-04-01,689.89,Phone,MUS01
1081,2025-04-01,18.09,Tablet,MUS01
1117,2025-04-01,1134.47,Phone,RUS01
1056,2025-04-01,362.82,Phone,MUS01
1263,2025-04-01,779.57,Mouse,RUS01
1382,2025-04-01,1027.99,Monitor,HYE01
1273,2025-04-02,865.22,Keyboard,MUS01
1007,2025-04-02,798.88,Phone,RUS01
1109,2025-04-02,973.37,Mouse,MUS01
1101,2025-04-02,154.39,Phone,HYE01
1004,2025-04-02,536.39,Tablet,MUS01
1153,2025-04-02,502.84,Headphones,HYE01
1249,2025-04-02,69.49,Monitor,RUS01
1338,2025-04-02,231.4,Monitor,KGL01
1178,2025-04-02,883.62,Mouse,KGL02
1018,2025-04-02,940.46,Laptop,KGL02
1210,2025-04-02,489.64,Laptop,RUS01
1031,2025-04-02,699.11,Printer,HYE01
1163,2025-04-02,669.56,Keyboard,HYE01
1236,2025-04-03,823.65,Mouse,RUS01
1303,2025-04-03,781.04,Mouse,HYE01
1246,2025-04-03,696.1,Printer,RUS01
1015,2025-04-03,109.99,Monitor,HYE01
1338,2025-04-03,53.34,Laptop,HYE01
1125,2025-04-03,774.38,Printer,KGL02
1140,2025-04-03,1083.63,Headphones,KGL02
1053,2025-04-03,564.2,Mouse,HYE01
1124,2025-04-03,887.03,Tablet,KGL01
1143,2025-04-03,746.48,Tablet,HYE01
1130,2025-04-03,216.76,Monitor,RUS01
1107,2025-04-03,137.21,Keyboard,RUS01
1118,2025-04-03,361.91,Headphones,KGL02
1333,2025-04-03,637.06,Phone,HYE01
1270,2025-04-03,598.4,Monitor,RUS01
1399,2025-04-03,357.44,Tablet,RUS01
1071,2025-04-03,1089.5,Monitor,MUS01
1163,2025-04-03,41.57,Printer,KGL01
1391,2025-04-03,651.78,Headphones,RUS01
1138,2025-04-03,259.33,Monitor,RUS01
1193,2025-04-03,1177.74,Printer,MUS01
1146,2025-04-04,811.13,Laptop,KGL01
1130,2025-04-04,1147.91,Printer,HYE01
1384,2025-04-04,1014.03,Phone,RUS01
1041,2025-04-04,1143.45,Monitor,KGL01
1387,2025-04-04,71.92,Tablet,MUS01
1118,2025-04-04,12.51,Phone,HYE01
1325,2025-04-04,143.95,Tablet,MUS01
1393,2025-04-04,244.08,Phone,HYE01
1051,2025-04-04,755.83,Monitor,KGL02
1282,2025-04-04,832.81,Phone,RUS01
1333,2025-04-04,636.02,Printer,KGL01
1349,2025-04-04,145.93,Keyboard,RUS01
1128,2025-04-04,1133.21,Keyboard,MUS01
1011,2025-04-04,392.78,Keyboard,RUS01
1186,2025-04-04,1087.98,Headphones,KGL02
1368,2025-04-04,428.67,Phone,MUS01
1238,2025-04-04,358.53,Mouse,HYE01
1299,2025-04-04,818.79,Mouse,HYE01
1052,2025-04-04,581.04,Printer,MUS01
1015,2025-04-05,788.68,Headphones,MUS01
1284,2025-04-05,994.5,Headphones,MUS01
1222,2025-04-05,809.68,Phone,KGL01
1008,2025-04-05,997.67,Printer,KGL01
1028,2025-04-05,1092.62,Mouse,KGL02
1349,2025-04-05,728.0,Phone,RUS01
1081,2025-04-05,212.94,Laptop,KGL02
1283,2025-04-05,924.86,Keyboard,HYE01
1327,2025-04-05,1185.8,Mouse,MUS01
1152,2025-04-05,930.72,Headphones,HYE01
1097,2025-04-05,526.72,Printer,MUS01
1077,2025-04-05,358.9,Headphones,HYE01
1384,2025-04-05,947.74,Headphones,MUS01
1000,2025-04-05,549.64,Tablet,KGL02
1297,2025-04-05,918.12,Tablet,RUS01
1210,2025-04-05,1170.7,Laptop,MUS01
1350,2025-04-05,509.69,Tablet,RUS01
1135,2025-04-05,555.96,Tablet,HYE01
1374,2025-04-05,1085.53,Tablet,RUS01
1010,2025-04-05,371.49,Phone,RUS01
1394,2025-04-05,494.39,Keyboard,KGL02
1376,2025-04-05,494.76,Keyboard,KGL02
1200,2025-04-05,889.31,Mouse,RUS01
1256,2025-04-05,121.11,Monitor,MUS01
1030,2025-04-06,548.72,Printer,RUS01
1211,2025-04-06,717.8,Keyboard,MUS01
1303,2025-04-06,552.65,Monitor,RUS01
1122,2025-04-06,538.88,Phone,MUS01
1098,2025-04-06,1066.91,Printer,KGL02
1388,2025-04-06,1180.11,Tablet,HYE01
1002,2025-04-06,1059.02,Printer,MUS01
1190,2025-04-06,915.92,Tablet,MUS01
1060,2025-04-06,701.23,Tablet,KGL01
1123,2025-04-06,824.74,Tablet,HYE01
1317,2025-04-06,496.44,Keyboard,RUS01
1077,2025-04-06,730.16,Tablet,KGL02
1130,2025-04-06,276.14,Laptop,RUS01
1172,2025-04-06,66.25,Headphones,KGL02
1236,2025-04-06,845.92,Tablet,KGL01
1241,2025-04-06,59.83,Tablet,HYE01
1123,2025-04-06,1058.31,Laptop,RUS01
1382,2025-04-06,644.71,Laptop,KGL02
1314,2025-04-06,167.73,Monitor,KGL02
1151,2025-04-06,271.91,Printer,MUS01
1319,2025-04-06,247.23,Phone,HYE01
1148,2025-04-07,467.37,Monitor,HYE01
1294,2025-04-07,457.22,Printer,KGL01
1244,2025-04-07,729.08,Mouse,KGL02
1188,2025-04-07,974.9,Keyboard,KGL01
1307,2025-04-07,1143.75,Keyboard,HYE01
1010,2025-04-07,165.9,Monitor,KGL01
1185,2025-04-07,912.72,Phone,KGL01
1025,2025-04-07,619.04,Laptop,HYE01
1013,2025-04-07,112.64,Phone,RUS01
1134,2025-04-07,340.27,Headphones,HYE01
1123,2025-04-07,1025.51,Monitor,RUS01
1206,2025-04-07,83.38,Headphones,KGL01
1001,2025-04-07,319.3,Printer,KGL02
1225,2025-04-07,761.36,Phone,KGL02
1168,2025-04-07,587.62,Tablet,MUS01
1187,2025-04-07,392.25,Headphones,MUS01
1194,2025-04-07,1153.01,Mouse,MUS01
1088,2025-04-07,379.48,Headphones,HYE01
1065,2025-04-07,977.35,Phone,KGL01
1228,2025-04-07,535.71,Phone,KGL02
1216,2025-04-07,459.77,Tablet,RUS01
1191,2025-04-07,1158.49,Laptop,RUS01
1393,2025-04-07,265.29,Tablet,MUS01
1191,2025-04-07,1098.9,Monitor,KGL01
1194,2025-04-07,312.17,Phone,RUS01
1341,2025-04-07,488.82,Laptop,RUS01
1202,2025-04-07,615.42,Printer,KGL01
1114,2025-04-07,1108.01,Laptop,RUS01
1149,2025-04-08,171.47,Tablet,MUS01
1396,2025-04-08,600.07,Tablet,RUS01
1191,2025-04-08,1028.94,Headphones,HYE01
1251,2025-04-08,544.48,Tablet,HYE01
1128,2025-04-08,595.4,Keyboard,RUS01
1332,2025-04-08,530.45,Printer,KGL01
1286,2025-04-08,801.11,Printer,HYE01
1095,2025-04-08,457.28,Laptop,MUS01
1352,2025-04-08,494.68,Monitor,MUS01
1280,2025-04-08,103.91,Phone,RUS01
1380,2025-04-08,1104.91,Monitor,KGL02
1364,2025-04-08,1051.31,Headphones,RUS01
1344,2025-04-08,600.55,Phone,RUS01
1210,2025-04-08,1041.52,Monitor,KGL02
1009,2025-04-08,896.89,Printer,HYE01
1374,2025-04-08,986.74,Monitor,KGL01
1226,2025-04-08,799.65,Printer,KGL02
1128,2025-04-08,680.82,Keyboard,RUS01
1291,2025-04-08,159.3,Headphones,RUS01
1255,2025-04-08,1004.06,Laptop,KGL01
1251,2025-04-08,945.24,Phone,MUS01
1348,2025-04-09,872.02,Printer,RUS01
1184,2025-04-09,39.19,Monitor,HYE01
1233,2025-04-09,187.47,Phone,KGL02
1224,2025-04-09,150.21,Phone,KGL02
1083,2025-04-09,605.98,Laptop,RUS01
1216,2025-04-09,289.69,Tablet,HYE01
1145,2025-04-09,472.17,Laptop,RUS01
1216,2025-04-09,930.89,Keyboard,KGL01
1113,2025-04-09,340.25,Headphones,MUS01
1323,2025-04-09,826.6,Monitor,MUS01
1055,2025-04-09,61.73,Monitor,KGL01
1179,2025-04-09,1021.25,Mouse,MUS01
1397,2025-04-09,99.44,Printer,RUS01
1107,2025-04-09,965.2,Phone,KGL01
1242,2025-04-09,261.89,Headphones,KGL01
1202,2025-04-09,676.21,Headphones,KGL01
1076,2025-04-09,411.29,Keyboard,KGL01
1095,2025-04-09,505.2,Mouse,MUS01
1208,2025-04-09,334.52,Laptop,RUS01
1183,2025-04-09,651.75,Tablet,KGL01
1357,2025-04-09,1020.02,Tablet,KGL01
1090,2025-04-09,131.18,Monitor,RUS01
1075,2025-04-09,931.46,Headphones,RUS01
1226,2025-04-09,428.19,Printer,RUS01
1348,2025-04-09,802.94,Keyboard,MUS01
1159,2025-04-09,854.1,Laptop,RUS01
1122,2025-04-09,47.26,Laptop,KGL02
1365,2025-04-09,482.53,Keyboard,KGL01
1206,2025-04-09,253.66,Monitor,HYE01
1267,2025-04-09,576.7,Laptop,MUS01
1223,2025-04-09,312.46,Laptop,MUS01
1389,2025-04-10,762.33,Keyboard,MUS01
1133,2025-04-10,769.37,Mouse,RUS01
1023,2025-04-10,534.79,Tablet,HYE01
1162,2025-04-10,450.7,Tablet,MUS01
1084,2025-04-10,974.58,Laptop,KGL01
1369,2025-04-10,208.44,Mouse,MUS01
1185,2025-04-10,790.89,Phone,HYE01
1275,2025-04-10,921.13,Headphones,HYE01
1208,2025-04-10,1055.14,Monitor,KGL02
1232,2025-04-10,849.89,Phone,MUS01
1283,2025-04-10,955.36,Printer,HYE01
1261,2025-04-10,158.71,Laptop,RUS01
1048,2025-04-10,87.1,Tablet,HYE01
1239,2025-04-10,177.71,Phone,KGL02
1267,2025-04-10,1058.95,Mouse,KGL02
1205,2025-04-11,1119.41,Keyboard,RUS01
1355,2025-04-11,569.01,Mouse,MUS01
1227,2025-04-11,752.35,Tablet,MUS01
1025,2025-04-11,636.84,Phone,KGL02
1339,2025-04-11,1050.86,Laptop,KGL02
1100,2025-04-11,840.89,Tablet,KGL01
1298,2025-04-11,1059.2,Printer,MUS01
1357,2025-04-11,352.97,Monitor,HYE01
1227,2025-04-11,734.42,Laptop,KGL02
1275,2025-04-11,460.88,Phone,HYE01
1057,2025-04-11,347.5,Keyboard,RUS01
1283,2025-04-11,822.21,Monitor,KGL01
1227,2025-04-11,681.2,Mouse,RUS01
1368,2025-04-11,565.35,Monitor,KGL01
1044,2025-04-11,411.19,Printer,MUS01
1129,2025-04-11,288.02,Tablet,RUS01
1117,2025-04-11,462.91,Printer,KGL01
1160,2025-04-11,93.57,Phone,KGL02
1095,2025-04-11,153.25,Mouse,MUS01
1341,2025-04-11,362.66,Monitor,KGL01
1011,2025-04-11,862.02,Keyboard,RUS01
1089,2025-04-12,439.26,Laptop,RUS01
1172,2025-04-12,361.76,Keyboard,HYE01
1053,2025-04-12,426.08,Headphones,KGL01
1152,2025-04-12,78.72,Headphones,KGL02
1005,2025-04-12,970.25,Keyboard,RUS01
1148,2025-04-12,1131.9,Laptop,RUS01
1043,2025-04-12,126.86,Headphones,MUS01
1333,2025-04-12,480.08,Mouse,HYE01
1271,2025-04-12,1113.82,Monitor,KGL02
1345,2025-04-12,85.15,Phone,KGL02
1128,2025-04-12,164.91,Monitor,RUS01
1261,2025-04-12,227.86,Laptop,KGL01
1154,2025-04-12,1137.59,Mouse,MUS01
1287,2025-04-12,1149.84,Phone,HYE01
1085,2025-04-12,103.02,Laptop,MUS01
1201,2025-04-12,835.25,Laptop,RUS01
1181,2025-04-12,1082.67,Laptop,KGL02
1281,2025-04-13,1055.86,Tablet,MUS01
1129,2025-04-13,533.75,Tablet,MUS01
1277,2025-04-13,72.65,Phone,MUS01
1393,2025-04-13,574.9,Mouse,HYE01
1273,2025-04-13,460.35,Printer,KGL02
1322,2025-04-13,954.17,Mouse,RUS01
1185,2025-04-13,672.54,Tablet,RUS01
1118,2025-04-13,667.23,Printer,RUS01
1136,2025-04-13,479.51,Printer,HYE01
1084,2025-04-13,272.75,Tablet,HYE01
1265,2025-04-13,534.82,Keyboard,MUS01
1245,2025-04-13,673.98,Printer,MUS01
1087,2025-04-13,853.87,Printer,HYE01
1000,2025-04-13,350.66,Tablet,MUS01
1385,2025-04-13,601.76,Phone,MUS01
1163,2025-04-13,1117.97,Mouse,KGL01
1272,2025-04-13,1184.31,Printer,MUS01
1022,2025-04-13,429.86,Mouse,RUS01
1187,2025-04-13,968.99,Monitor,HYE01
1268,2025-04-13,1149.48,Laptop,KGL02
1035,2025-04-13,315.46,Keyboard,KGL02
1297,2025-04-13,322.37,Printer,RUS01
1279,2025-04-13,1062.83,Phone,MUS01
1298,2025-04-13,949.12,Printer,RUS01
1109,2025-04-13,31.36,Phone,KGL01
1349,2025-04-13,1153.42,Headphones,HYE01
1292,2025-04-13,14.73,Keyboard,HYE01
1295,2025-04-13,119.59,Laptop,KGL01
1397,2025-04-14,657.17,Tablet,RUS01
1327,2025-04-14,585.78,Laptop,MUS01
1097,2025-04-14,61.99,Laptop,KGL01
1310,2025-04-14,1128.42,Headphones,MUS01
1397,2025-04-14,548.43,Monitor,KGL01
1150,2025-04-14,170.17,Keyboard,KGL01
1104,2025-04-14,731.14,Printer,HYE01
1033,2025-04-14,1006.86,Tablet,RUS01
1271,2025-04-14,737.23,Tablet,HYE01
1250,2025-04-14,1171.28,Phone,HYE01
1282,2025-04-14,163.83,Laptop,KGL02
1165,2025-04-14,883.1,Headphones,MUS01
1259,2025-04-14,549.76,Tablet,MUS01
1216,2025-04-14,675.46,Keyboard,KGL02
1354,2025-04-14,621.72,Headphones,HYE01
1111,2025-04-14,1078.07,Phone,HYE01
1020,2025-04-14,1002.09,Tablet,HYE01
1222,2025-04-14,128.56,Tablet,KGL02
1343,2025-04-14,404.42,Monitor,HYE01
1234,2025-04-14,348.2,Monitor,HYE01
1150,2025-04-14,590.18,Tablet,KGL02
1296,2025-04-14,789.53,Keyboard,KGL01
1021,2025-04-14,281.08,Monitor,KGL02
1304,2025-04-15,197.85,Monitor,KGL02
1113,2025-04-15,953.61,Phone,MUS01
1078,2025-04-15,679.07,Phone,RUS01
1059,2025-04-15,471.54,Headphones,KGL01
1004,2025-04-15,876.77,Monitor,KGL02
1370,2025-04-15,161.3,Tablet,HYE01
1105,2025-04-15,543.09,Headphones,HYE01
1361,2025-04-15,925.56,Tablet,MUS01
1246,2025-04-15,233.27,Tablet,KGL01
1276,2025-04-15,1075.95,Mouse,KGL01
1390,2025-04-15,1059.0,Headphones,KGL02
1146,2025-04-15,1056.11,Mouse,KGL01
1110,2025-04-15,175.31,Tablet,HYE01
1213,2025-04-15,109.72,Printer,MUS01
1375,2025-04-15,1174.46,Printer,KGL02
1192,2025-04-15,347.73,Printer,MUS01
1099,2025-04-15,464.49,Phone,KGL02
1004,2025-04-15,694.36,Mouse,RUS01
1365,2025-04-15,67.8,Phone,HYE01
1031,2025-04-15,862.39,Keyboard,KGL02
1218,2025-04-15,1031.04,Headphones,RUS01
1009,2025-04-15,265.49,Monitor,RUS01
1258,2025-04-15,779.94,Printer,HYE01
1321,2025-04-15,1173.17,Monitor,HYE01
1379,2025-04-15,12.55,Printer,KGL02
1248,2025-04-16,452.46,Printer,KGL02
1246,2025-04-16,759.08,Keyboard,RUS01
1169,2025-04-16,398.3,Headphones,MUS01
1324,2025-04-16,1194.78,Monitor,RUS01
1325,2025-04-16,964.4,Keyboard,RUS01
1273,2025-04-16,1118.84,Monitor,KGL01
1298,2025-04-16,655.27,Headphones,HYE01
1115,2025-04-16,563.82,Monitor,HYE01
1101,2025-04-16,949.41,Tablet,HYE01
1204,2025-04-16,644.4,Laptop,MUS01
1324,2025-04-16,249.73,Tablet,KGL01
1015,2025-04-16,423.99,Phone,HYE01
1132,2025-04-16,889.97,Phone,HYE01
1160,2025-04-16,916.06,Printer,RUS01
1336,2025-04-16,302.5,Monitor,MUS01
1304,2025-04-16,531.23,Laptop,MUS01
1178,2025-04-16,551.1,Tablet,KGL01
1020,2025-04-16,181.49,Monitor,KGL02
1359,2025-04-16,927.07,Headphones,MUS01
1170,2025-04-16,260.76,Tablet,HYE01
1113,2025-04-16,810.72,Keyboard,KGL02
1031,2025-04-16,489.1,Tablet,RUS01
1260,2025-04-16,774.15,Tablet,MUS01
1306,2025-04-16,710.68,Printer,HYE01
1231,2025-04-16,531.46,Monitor,KGL01
1031,2025-04-16,678.34,Headphones,MUS01
1271,2025-04-16,115.16,Phone,MUS01
1097,2025-04-16,242.72,Keyboard,KGL02
1209,2025-04-16,935.56,Laptop,KGL01
1140,2025-04-16,851.33,Mouse,KGL02
1118,2025-04-17,844.33,Phone,HYE01
1182,2025-04-17,936.02,Printer,HYE01
1026,2025-04-17,866.85,Tablet,RUS01
1387,2025-04-17,420.52,Mouse,MUS01
1056,2025-04-17,933.53,Phone,KGL01
1336,2025-04-17,470.0,Printer,HYE01
1023,2025-04-17,443.86,Keyboard,HYE01
1028,2025-04-17,538.08,Headphones,KGL02
1275,2025-04-17,1170.49,Monitor,RUS01
1278,2025-04-17,429.11,Laptop,HYE01
1233,2025-04-17,718.82,Mouse,HYE01
1148,2025-04-17,86.27,Printer,HYE01
1283,2025-04-17,808.25,Mouse,MUS01
1185,2025-04-17,1143.1,Phone,MUS01
1031,2025-04-17,1138.93,Phone,HYE01
1202,2025-04-17,998.1,Mouse,HYE01
1343,2025-04-17,589.04,Tablet,MUS01
1351,2025-04-17,837.06,Mouse,KGL01
1055,2025-04-17,891.84,Printer,RUS01
1037,2025-04-17,401.09,Laptop,KGL02
1106,2025-04-17,333.43,Laptop,MUS01
1148,2025-04-17,314.51,Mouse,KGL01
1072,2025-04-17,652.9,Keyboard,RUS01
1034,2025-04-17,415.31,Phone,MUS01
1100,2025-04-17,1044.44,Phone,HYE01
1277,2025-04-17,1075.8,Tablet,MUS01
1350,2025-04-17,339.03,Phone,RUS01
1021,2025-04-17,616.42,Laptop,RUS01
1337,2025-04-17,795.18,Headphones,RUS01
1316,2025-04-17,789.86,Printer,HYE01
1378,2025-04-17,1033.01,Printer,HYE01
1125,2025-04-18,176.77,Headphones,KGL01
1043,2025-04-18,266.28,Laptop,RUS01
1214,2025-04-18,251.72,Tablet,KGL02
1237,2025-04-18,54.89,Printer,KGL02
1207,2025-04-18,1006.41,Phone,RUS01
1331,2025-04-18,367.21,Phone,KGL01
1198,2025-04-18,480.39,Phone,RUS01
1121,2025-04-18,66.1,Mouse,MUS01
1214,2025-04-18,85.11,Monitor,RUS01
1202,2025-04-18,1082.74,Headphones,HYE01
1170,2025-04-18,731.25,Laptop,RUS01
1299,2025-04-18,291.27,Tablet,RUS01
1292,2025-04-18,24.24,Monitor,KGL02
1389,2025-04-18,1045.1,Mouse,HYE01
1154,2025-04-18,89.61,Printer,KGL01
1192,2025-04-18,1147.1,Laptop,HYE01
1199,2025-04-19,495.0,Printer,MUS01
1307,2025-04-19,722.85,Printer,HYE01
1317,2025-04-19,515.68,Headphones,KGL01
1102,2025-04-19,588.73,Phone,HYE01
1256,2025-04-19,622.45,Keyboard,KGL01
1374,2025-04-19,87.38,Tablet,HYE01
1082,2025-04-19,254.39,Laptop,KGL01
1240,2025-04-19,614.44,Mouse,HYE01
1260,2025-04-19,1060.14,Laptop,KGL01
1372,2025-04-19,897.29,Printer,KGL02
1340,2025-04-19,857.29,Keyboard,KGL01
1300,2025-04-19,1068.65,Headphones,KGL01
1072,2025-04-19,816.11,Printer,RUS01
1146,2025-04-19,907.15,Headphones,KGL01
1032,2025-04-19,784.35,Monitor,KGL02
1126,2025-04-19,15.66,Printer,MUS01
1171,2025-04-19,334.59,Phone,KGL01
1295,2025-04-19,447.93,Mouse,RUS01
1263,2025-04-19,685.35,Laptop,RUS01
1307,2025-04-20,98.81,Laptop,KGL01
1235,2025-04-20,401.79,Phone,KGL02
1365,2025-04-20,949.03,Headphones,HYE01
1141,2025-04-20,1080.58,Laptop,MUS01
1154,2025-04-20,458.19,Headphones,KGL02
1399,2025-04-20,948.84,Phone,KGL01
1315,2025-04-20,936.08,Monitor,HYE01
1068,2025-04-20,674.46,Monitor,KGL02
1278,2025-04-20,1131.79,Phone,KGL02
1209,2025-04-20,582.97,Laptop,HYE01
1129,2025-04-20,1049.66,Mouse,KGL02
1368,2025-04-20,646.14,Monitor,MUS01
1089,2025-04-20,305.68,Headphones,MUS01
1164,2025-04-20,404.77,Laptop,RUS01
1260,2025-04-20,53.92,Mouse,HYE01
1100,2025-04-20,1165.45,Monitor,HYE01
1251,2025-04-20,185.69,Tablet,MUS01
1178,2025-04-20,1010.22,Printer,KGL01
1230,2025-04-20,654.48,Headphones,KGL02
1306,2025-04-20,499.12,Laptop,KGL02
1169,2025-04-21,888.77,Monitor,HYE01
1315,2025-04-21,743.58,Laptop,HYE01
1122,2025-04-21,628.69,Printer,RUS01
1119,2025-04-21,597.0,Keyboard,MUS01
1078,2025-04-21,598.65,Keyboard,MUS01
1030,2025-04-21,510.51,Mouse,MUS01
1252,2025-04-21,136.13,Keyboard,KGL02
1373,2025-04-21,757.92,Keyboard,KGL02
1208,2025-04-21,108.36,Keyboard,RUS01
1356,2025-04-21,347.72,Monitor,KGL01
1219,2025-04-21,779.92,Tablet,KGL01
1295,2025-04-21,273.93,Phone,KGL02
1112,2025-04-21,188.03,Laptop,KGL01
1200,2025-04-21,734.83,Mouse,MUS01
1214,2025-04-21,301.43,Laptop,KGL01
1091,2025-04-21,1016.22,Keyboard,HYE01
1046,2025-04-21,792.42,Laptop,HYE01
1399,2025-04-21,331.27,Printer,KGL02
1269,2025-04-21,175.49,Monitor,KGL01
1025,2025-04-21,650.57,Laptop,MUS01
1165,2025-04-21,604.85,Phone,KGL02
1132,2025-04-21,53.15,Phone,MUS01
1278,2025-04-21,976.53,Mouse,KGL02
1316,2025-04-21,1083.26,Mouse,MUS01
1080,2025-04-21,1075.12,Phone,RUS01
1066,2025-04-21,837.77,Monitor,HYE01
1165,2025-04-21,168.17,Tablet,RUS01
1274,2025-04-21,968.53,Phone,RUS01
1264,2025-04-22,1127.44,Tablet,KGL01
1184,2025-04-22,211.8,Keyboard,KGL02
1280,2025-04-22,58.57,Laptop,HYE01
1319,2025-04-22,582.25,Headphones,KGL01
1004,2025-04-22,452.08,Monitor,KGL02
1277,2025-04-22,386.86,Headphones,KGL02
1108,2025-04-22,253.21,Tablet,MUS01
1268,2025-04-22,182.69,Printer,HYE01
1215,2025-04-22,64.44,Laptop,MUS01
1218,2025-04-22,1129.05,Monitor,HYE01
1080,2025-04-22,742.27,Mouse,KGL02
1148,2025-04-22,366.21,Monitor,HYE01
1086,2025-04-22,133.36,Keyboard,RUS01
1241,2025-04-22,152.94,Tablet,MUS01
1005,2025-04-22,1029.22,Headphones,MUS01
1129,2025-04-22,425.17,Headphones,KGL02
1319,2025-04-22,32.94,Mouse,RUS01
1187,2025-04-22,852.9,Headphones,KGL01
1293,2025-04-22,527.0,Headphones,MUS01
1241,2025-04-22,388.71,Monitor,HYE01
1100,2025-04-22,688.29,Monitor,MUS01
1201,2025-04-22,1082.55,Phone,HYE01
1202,2025-04-22,927.07,Tablet,RUS01
1354,2025-04-23,1177.5,Tablet,HYE01
1358,2025-04-23,308.18,Mouse,HYE01
1309,2025-04-23,429.99,Laptop,KGL01
1034,2025-04-23,768.45,Keyboard,KGL01
1109,2025-04-23,43.14,Tablet,MUS01
1013,2025-04-23,223.96,Phone,KGL02
1347,2025-04-23,394.32,Laptop,KGL02
1126,2025-04-23,1121.7,Phone,MUS01
1197,2025-04-23,1099.13,Mouse,RUS01
1120,2025-04-23,668.38,Printer,RUS01
1243,2025-04-23,543.0,Headphones,KGL02
1044,2025-04-23,1161.03,Mouse,HYE01
1295,2025-04-23,283.54,Monitor,KGL02
1258,2025-04-23,244.78,Keyboard,HYE01
1250,2025-04-23,970.05,Printer,KGL02
1086,2025-04-23,230.64,Phone,RUS01
1126,2025-04-23,621.0,Printer,KGL01
1160,2025-04-23,980.75,Headphones,KGL01
1332,2025-04-23,228.5,Laptop,MUS01
1272,2025-04-23,911.87,Laptop,HYE01
1216,2025-04-23,1171.9,Tablet,MUS01
1342,2025-04-23,547.36,Monitor,RUS01
1131,2025-04-23,23.36,Mouse,RUS01
1391,2025-04-23,1194.45,Monitor,KGL01
1141,2025-04-23,1075.42,Phone,KGL01
1006,2025-04-23,211.06,Monitor,RUS01
1012,2025-04-24,1146.97,Tablet,KGL02
1032,2025-04-24,897.0,Tablet,RUS01
1333,2025-04-24,195.85,Tablet,MUS01
1301,2025-04-24,70.82,Mouse,RUS01
1210,2025-04-24,525.29,Keyboard,MUS01
1243,2025-04-24,126.32,Mouse,HYE01
1372,2025-04-24,622.76,Tablet,MUS01
1359,2025-04-24,290.5,Phone,RUS01
1150,2025-04-24,424.23,Mouse,MUS01
1031,2025-04-24,815.99,Mouse,KGL01
1059,2025-04-24,103.01,Tablet,RUS01
1168,2025-04-24,947.91,Printer,RUS01
1125,2025-04-24,458.01,Phone,MUS01
1247,2025-04-24,310.62,Printer,HYE01
1314,2025-04-24,578.85,Mouse,KGL01
1154,2025-04-24,228.76,Keyboard,KGL01
1380,2025-04-24,283.11,Monitor,KGL02
1130,2025-04-24,661.81,Mouse,RUS01
1338,2025-04-24,341.42,Tablet,KGL02
1091,2025-04-24,576.89,Headphones,KGL01
1138,2025-04-24,247.18,Keyboard,HYE01
1222,2025-04-25,801.56,Mouse,KGL02
1220,2025-04-25,530.02,Keyboard,MUS01
1059,2025-04-25,354.53,Headphones,MUS01
1180,2025-04-25,1126.24,Phone,MUS01
1377,2025-04-25,299.6,Phone,KGL01
1345,2025-04-25,980.13,Monitor,HYE01
1359,2025-04-25,1134.72,Keyboard,RUS01
1034,2025-04-25,16.38,Headphones,KGL01
1382,2025-04-25,532.84,Laptop,HYE01
1330,2025-04-25,894.26,Laptop,HYE01
1043,2025-04-25,488.33,Monitor,KGL01
1399,2025-04-25,161.95,Tablet,HYE01
1301,2025-04-25,1189.34,Keyboard,MUS01
1176,2025-04-25,1195.71,Monitor,MUS01
1249,2025-04-25,912.0,Mouse,MUS01
1171,2025-04-25,856.38,Printer,HYE01
1224,2025-04-25,538.8,Tablet,MUS01
1068,2025-04-25,1027.78,Laptop,KGL01
1134,2025-04-25,662.45,Monitor,MUS01
1395,2025-04-26,670.92,Printer,MUS01
1325,2025-04-26,1122.89,Monitor,HYE01
1282,2025-04-26,941.22,Laptop,RUS01
1178,2025-04-26,384.52,Monitor,KGL02
1225,2025-04-26,674.92,Printer,KGL01
1165,2025-04-26,823.87,Mouse,HYE01
1246,2025-04-26,445.71,Monitor,KGL02
1344,2025-04-26,864.41,Keyboard,HYE01
1132,2025-04-26,746.66,Mouse,HYE01
1143,2025-04-26,73.01,Monitor,KGL01
1020,2025-04-26,758.49,Printer,HYE01
1023,2025-04-26,276.92,Headphones,MUS01
1208,2025-04-26,315.0,Mouse,KGL01
1262,2025-04-26,376.15,Laptop,HYE01
1100,2025-04-26,566.31,Phone,KGL02
1382,2025-04-26,492.64,Mouse,RUS01
1061,2025-04-26,477.82,Laptop,KGL02
1355,2025-04-26,612.04,Keyboard,MUS01
1134,2025-04-26,714.19,Headphones,HYE01
1356,2025-04-26,304.3,Keyboard,RUS01
1373,2025-04-26,20.68,Keyboard,MUS01
1259,2025-04-26,19.48,Laptop,MUS01
1205,2025-04-27,335.08,Tablet,MUS01
1261,2025-04-27,173.19,Tablet,KGL01
1252,2025-04-27,859.4,Mouse,RUS01
1298,2025-04-27,497.04,Keyboard,HYE01
1014,2025-04-27,520.19,Headphones,KGL02
1152,2025-04-27,654.1,Mouse,KGL02
1253,2025-04-27,204.89,Phone,HYE01
1038,2025-04-27,1134.15,Phone,HYE01
1000,2025-04-27,881.12,Mouse,RUS01
1258,2025-04-27,626.57,Monitor,KGL01
1237,2025-04-27,1169.42,Headphones,KGL02
1377,2025-04-27,986.26,Keyboard,RUS01
1341,2025-04-27,466.95,Keyboard,HYE01
1262,2025-04-27,937.81,Laptop,KGL02
1295,2025-04-27,816.42,Mouse,MUS01
1383,2025-04-28,181.22,Monitor,RUS01
1396,2025-04-28,148.2,Monitor,KGL02
1028,2025-04-28,11.9,Mouse,RUS01
1319,2025-04-28,392.1,Tablet,KGL01
1345,2025-04-28,506.48,Keyboard,KGL02
1052,2025-04-28,105.2,Printer,KGL01
1372,2025-04-28,453.55,Headphones,MUS01
1246,2025-04-28,363.73,Keyboard,KGL01
1325,2025-04-28,556.44,Laptop,KGL02
1069,2025-04-28,775.83,Mouse,MUS01
1284,2025-04-28,1020.51,Mouse,KGL01
1123,2025-04-28,177.71,Keyboard,MUS01
1181,2025-04-28,263.24,Phone,HYE01
1179,2025-04-28,914.91,Printer,KGL02
1324,2025-04-28,23.91,Mouse,KGL02
1137,2025-04-28,1019.6,Keyboard,MUS01
1237,2025-04-28,67.59,Keyboard,RUS01
1289,2025-04-28,1149.92,Laptop,KGL02
1100,2025-04-28,291.56,Mouse,KGL01
1210,2025-04-28,27.19,Monitor,KGL02
1212,2025-04-28,793.85,Tablet,MUS01
1085,2025-04-28,747.2,Tablet,KGL02
1357,2025-04-28,1097.83,Tablet,KGL01
1365,2025-04-28,123.33,Laptop,MUS01
1155,2025-04-28,970.82,Monitor,RUS01
1239,2025-04-29,756.27,Printer,MUS01
1094,2025-04-29,596.87,Mouse,MUS01
1380,2025-04-29,570.57,Monitor,KGL01
1171,2025-04-29,174.38,Phone,HYE01
1329,2025-04-29,279.09,Printer,HYE01
1199,2025-04-29,610.28,Mouse,MUS01
1092,2025-04-29,1166.92,Laptop,MUS01
1048,2025-04-29,216.61,Printer,HYE01
1138,2025-04-29,209.56,Phone,KGL01
1366,2025-04-29,365.49,Mouse,HYE01
1120,2025-04-29,772.06,Tablet,KGL01
1015,2025-04-29,541.7,Printer,RUS01
1023,2025-04-29,1002.06,Headphones,KGL02
1009,2025-04-29,1197.99,Phone,KGL01
1004,2025-04-29,992.51,Tablet,KGL01
1286,2025-04-29,775.33,Mouse,HYE01
1185,2025-04-29,1014.92,Keyboard,KGL01
1220,2025-04-29,192.98,Printer,RUS01
1249,2025-04-29,970.37,Monitor,MUS01
1309,2025-04-29,394.7,Tablet,KGL02
1309,2025-04-29,167.86,Headphones,KGL02
1092,2025-04-30,1081.31,Laptop,KGL01
1391,2025-04-30,832.37,Laptop,HYE01
1264,2025-04-30,692.92,Tablet,MUS01
1239,2025-04-30,388.76,Phone,KGL01
1091,2025-04-30,281.72,Mouse,MUS01
1274,2025-04-30,290.55,Tablet,HYE01
1243,2025-04-30,289.55,Monitor,KGL01
1001,2025-04-30,714.05,Keyboard,RUS01
1105,2025-04-30,276.62,Monitor,KGL01
1015,2025-04-30,649.92,Printer,HYE01
1020,2025-04-30,353.81,Mouse,HYE01
1039,2025-04-30,888.01,Printer,KGL02
1215,2025-04-30,94.32,Tablet,HYE01
1175,2025-04-30,1018.72,Tablet,RUS01
1180,2025-04-30,1157.11,Printer,KGL01
1234,2025-04-30,1146.26,Headphones,HYE01
1324,2025-04-30,1001.08,Laptop,KGL02
1091,2025-04-30,87.66,Headphones,KGL02
1188,2025-04-30,399.68,Tablet,KGL01
1281,2025-04-30,1003.55,Mouse,HYE01
1151,2025-04-30,398.78,Phone,MUS01
1232,2025-04-30,918.8,Mouse,HYE01
1054,2025-04-30,690.44,Phone,KGL02
1107,2025-04-30,48.61,Phone,RUS01
1201,2025-04-30,155.63,Printer,KGL01
1066,2025-04-30,57.37,Phone,KGL01
1128,2025-04-30,271.97,Headphones,RUS01
1190,2025-05-01,775.47,Mouse,HYE01
1068,2025-05-01,1005.53,Phone,HYE01
1375,2025-05-01,114.61,Mouse,HYE01
1275,2025-05-01,556.9,Monitor,MUS01
1188,2025-05-01,88.6,Tablet,RUS01
1025,2025-05-01,241.38,Monitor,KGL02
1339,2025-05-01,378.53,Monitor,HYE01
1392,2025-05-01,688.65,Mouse,MUS01
1107,2025-05-01,975.36,Phone,KGL02
1333,2025-05-01,872.48,Keyboard,HYE01
1272,2025-05-01,1196.5,Headphones,MUS01
1202,2025-05-01,548.5,Phone,KGL01
1172,2025-05-01,423.35,Phone,HYE01
1015,2025-05-01,257.76,Keyboard,RUS01
1307,2025-05-01,989.41,Keyboard,RUS01
1076,2025-05-01,1122.86,Headphones,RUS01
1122,2025-05-01,1137.79,Mouse,HYE01
1138,2025-05-01,754.76,Keyboard,HYE01
1033,2025-05-01,13.84,Keyboard,RUS01
1225,2025-05-01,899.86,Monitor,MUS01
1172,2025-05-01,1153.27,Laptop,RUS01
1349,2025-05-02,788.57,Printer,MUS01
1220,2025-05-02,961.27,Phone,RUS01
1212,2025-05-02,798.35,Printer,KGL02
1056,2025-05-02,606.79,Printer,RUS01
1340,2025-05-02,1041.63,Phone,RUS01
1086,2025-05-02,727.5,Monitor,KGL01
1023,2025-05-02,1079.69,Printer,RUS01
1217,2025-05-02,764.2,Printer,MUS01
1132,2025-05-02,875.18,Tablet,KGL01
1124,2025-05-02,916.84,Tablet,KGL02
1202,2025-05-02,397.36,Phone,KGL02
1026,2025-05-02,544.46,Tablet,RUS01
1117,2025-05-02,780.58,Keyboard,HYE01
1281,2025-05-02,472.58,Mouse,MUS01
1291,2025-05-02,1078.47,Tablet,KGL02
1015,2025-05-02,779.31,Keyboard,HYE01
1327,2025-05-02,307.6,Monitor,KGL01
1267,2025-05-02,92.31,Headphones,MUS01
1096,2025-05-02,1037.81,Tablet,KGL01
1162,2025-05-02,1027.44,Mouse,KGL01
1392,2025-05-02,564.69,Headphones,KGL02
1252,2025-05-02,585.83,Monitor,RUS01
1055,2025-05-02,178.32,Mouse,HYE01
1292,2025-05-02,701.76,Phone,MUS01
1233,2025-05-02,664.44,Printer,KGL02
1105,2025-05-03,294.03,Phone,RUS01
1072,2025-05-03,961.47,Mouse,RUS01
1076,2025-05-03,285.14,Headphones,RUS01
1376,2025-05-03,582.84,Mouse,KGL01
1197,2025-05-03,388.75,Printer,KGL02
1050,2025-05-03,1173.84,Monitor,HYE01
1203,2025-05-03,1090.93,Laptop,MUS01
1159,2025-05-03,311.21,Laptop,KGL02
1218,2025-05-03,773.72,Laptop,MUS01
1392,2025-05-03,531.75,Phone,KGL02
1231,2025-05-03,870.16,Printer,KGL02
1213,2025-05-03,632.97,Laptop,MUS01
1331,2025-05-03,624.45,Keyboard,KGL01
1272,2025-05-03,30.08,Mouse,MUS01
1209,2025-05-03,486.51,Laptop,HYE01
1135,2025-05-03,97.66,Keyboard,MUS01
1312,2025-05-03,812.25,Headphones,HYE01
1034,2025-05-03,947.03,Mouse,KGL01
1355,2025-05-03,819.01,Laptop,KGL01
1379,2025-05-03,682.03,Laptop,RUS01
1146,2025-05-04,1195.9,Keyboard,RUS01
1005,2025-05-04,230.5,Keyboard,HYE01
1166,2025-05-04,939.95,Headphones,KGL02
1383,2025-05-04,653.75,Monitor,KGL01
1239,2025-05-04,568.87,Laptop,HYE01
1358,2025-05-04,422.37,Printer,KGL02
1073,2025-05-04,1114.54,Laptop,KGL01
1369,2025-05-04,328.13,Monitor,KGL01
1384,2025-05-04,1142.89,Monitor,RUS01
1158,2025-05-04,156.17,Headphones,KGL02
1360,2025-05-04,234.98,Headphones,KGL02
1162,2025-05-04,439.2,Printer,RUS01
1027,2025-05-04,727.57,Mouse,MUS01
1081,2025-05-04,135.63,Laptop,KGL01
1149,2025-05-04,973.19,Headphones,HYE01
1169,2025-05-04,801.14,Laptop,MUS01
1029,2025-05-04,269.76,Phone,MUS01
1309,2025-05-04,391.44,Monitor,KGL01
1344,2025-05-04,1036.2,Monitor,MUS01
1272,2025-05-04,567.73,Monitor,RUS01
1079,2025-05-04,622.86,Laptop,KGL01
1338,2025-05-04,1002.8,Keyboard,KGL01
1072,2025-05-04,598.74,Phone,KGL01
1213,2025-05-04,860.67,Printer,HYE01
1290,2025-05-05,174.12,Tablet,HYE01
1061,2025-05-05,1015.95,Mouse,HYE01
1082,2025-05-05,165.72,Tablet,MUS01
1311,2025-05-05,830.07,Headphones,KGL02
1301,2025-05-05,403.89,Printer,KGL01
1343,2025-05-05,632.02,Laptop,HYE01
1234,2025-05-05,729.35,Headphones,HYE01
1230,2025-05-05,1178.19,Printer,KGL02
1311,2025-05-05,471.4,Phone,RUS01
1118,2025-05-05,1081.71,Keyboard,KGL01
1256,2025-05-05,493.45,Laptop,KGL02
1249,2025-05-05,158.3,Monitor,RUS01
1286,2025-05-05,740.11,Laptop,KGL02
1156,2025-05-05,650.54,Printer,RUS01
1171,2025-05-05,124.52,Phone,HYE01
1106,2025-05-05,151.31,Monitor,KGL02
1164,2025-05-05,683.39,Mouse,KGL02
1340,2025-05-05,403.97,Tablet,MUS01
1064,2025-05-05,547.19,Keyboard,HYE01
1235,2025-05-05,761.94,Printer,MUS01
1102,2025-05-06,1158.06,Tablet,KGL01
1362,2025-05-06,651.8,Headphones,RUS01
1373,2025-05-06,1089.02,Headphones,HYE01
1385,2025-05-06,719.84,Phone,HYE01
1250,2025-05-06,852.82,Phone,MUS01
1354,2025-05-06,700.16,Laptop,MUS01
1076,2025-05-06,191.17,Monitor,RUS01
1073,2025-05-06,451.35,Keyboard,KGL01
1247,2025-05-06,1140.67,Monitor,RUS01
1264,2025-05-06,779.07,Keyboard,KGL01
1254,2025-05-06,468.84,Keyboard,KGL01
1185,2025-05-06,848.98,Monitor,RUS01
1224,2025-05-06,756.97,Phone,RUS01
1323,2025-05-06,614.97,Headphones,KGL02
1260,2025-05-06,937.03,Laptop,KGL01
1289,2025-05-06,935.6,Laptop,HYE01
1061,2025-05-07,512.26,Laptop,RUS01
1201,2025-05-07,1036.67,Tablet,MUS01
1248,2025-05-07,918.69,Mouse,KGL01
1221,2025-05-07,524.58,Printer,HYE01
1313,2025-05-07,390.47,Headphones,KGL01
1243,2025-05-07,948.84,Headphones,HYE01
1355,2025-05-07,979.27,Tablet,MUS01
1095,2025-05-07,593.22,Headphones,KGL02
1219,2025-05-07,1090.27,Headphones,MUS01
1365,2025-05-07,897.65,Mouse,RUS01
1085,2025-05-07,172.93,Keyboard,HYE01
1396,2025-05-07,101.24,Keyboard,MUS01
1044,2025-05-07,971.86,Tablet,KGL01
1296,2025-05-07,973.8,Phone,KGL01
1092,2025-05-07,921.56,Mouse,KGL02
1003,2025-05-07,403.82,Printer,RUS01
1369,2025-05-07,1120.92,Tablet,KGL01
1136,2025-05-07,174.86,Monitor,HYE01
1009,2025-05-07,84.86,Headphones,RUS01
1173,2025-05-07,735.4,Tablet,KGL01
1365,2025-05-08,831.22,Laptop,HYE01
1381,2025-05-08,91.17,Laptop,RUS01
1083,2025-05-08,427.68,Tablet,KGL02
1368,2025-05-08,554.35,Tablet,KGL01
1373,2025-05-08,302.51,Printer,RUS01
1212,2025-05-08,94.93,Printer,RUS01
1282,2025-05-08,214.38,Monitor,KGL02
1026,2025-05-08,1156.91,Keyboard,HYE01
1165,2025-05-08,640.87,Phone,KGL02
1390,2025-05-08,283.17,Printer,KGL01
1054,2025-05-08,376.8,Mouse,KGL02
1008,2025-05-08,262.73,Phone,KGL02
1310,2025-05-08,436.09,Phone,KGL02
1101,2025-05-08,498.23,Printer,KGL02
1063,2025-05-08,215.05,Phone,KGL01
1082,2025-05-08,176.89,Mouse,KGL01
1214,2025-05-08,100.0,Laptop,KGL02
1141,2025-05-08,920.07,Laptop,HYE01
1028,2025-05-08,412.5,Phone,KGL01
1380,2025-05-08,1178.01,Mouse,KGL02
1101,2025-05-08,489.71,Keyboard,HYE01
1260,2025-05-08,268.36,Keyboard,HYE01
1318,2025-05-08,304.23,Printer,RUS01
1066,2025-05-08,1057.18,Monitor,HYE01
1186,2025-05-09,998.44,Tablet,KGL02
1205,2025-05-09,421.79,Phone,MUS01
1216,2025-05-09,540.35,Phone,HYE01
1323,2025-05-09,1179.99,Mouse,HYE01
1313,2025-05-09,597.06,Laptop,MUS01
1025,2025-05-09,1075.88,Headphones,KGL01
1326,2025-05-09,829.53,Mouse,RUS01
1211,2025-05-09,194.91,Keyboard,KGL01
1049,2025-05-09,1106.46,Headphones,MUS01
1167,2025-05-09,933.02,Headphones,RUS01
1113,2025-05-09,1048.4,Tablet,KGL01
1246,2025-05-09,147.47,Mouse,RUS01
1276,2025-05-09,281.68,Laptop,KGL02
1170,2025-05-09,1101.99,Laptop,HYE01
1148,2025-05-09,27.14,Tablet,KGL01
1050,2025-05-09,408.74,Phone,RUS01
1253,2025-05-09,449.63,Keyboard,KGL02
1068,2025-05-10,337.18,Printer,KGL02
1273,2025-05-10,927.22,Mouse,KGL01
1043,2025-05-10,1117.82,Headphones,KGL02
1382,2025-05-10,890.35,Mouse,MUS01
1344,2025-05-10,147.42,Mouse,HYE01
1279,2025-05-10,280.87,Keyboard,KGL01
1348,2025-05-10,164.59,Tablet,RUS01
1005,2025-05-10,115.45,Keyboard,MUS01
1194,2025-05-10,707.43,Laptop,KGL01
1036,2025-05-10,208.07,Printer,MUS01
1178,2025-05-10,929.28,Keyboard,RUS01
1034,2025-05-10,264.43,Laptop,RUS01
1245,2025-05-10,942.55,Headphones,KGL02
1136,2025-05-10,854.92,Tablet,RUS01
1284,2025-05-10,313.07,Printer,KGL01
1304,2025-05-10,508.88,Phone,KGL01
1333,2025-05-10,1088.32,Tablet,KGL01
1123,2025-05-10,209.63,Headphones,KGL01
1208,2025-05-11,1084.06,Tablet,KGL02
1177,2025-05-11,534.15,Keyboard,RUS01
1228,2025-05-11,1125.9,Printer,MUS01
1236,2025-05-11,970.41,Tablet,MUS01
1178,2025-05-11,844.05,Keyboard,KGL01
1041,2025-05-11,639.62,Mouse,KGL02
1332,2025-05-11,158.35,Tablet,HYE01
1342,2025-05-11,384.59,Headphones,KGL01
1288,2025-05-11,942.99,Tablet,KGL01
1178,2025-05-11,579.92,Headphones,MUS01
1097,2025-05-11,273.56,Keyboard,RUS01
1026,2025-05-11,285.49,Printer,MUS01
1281,2025-05-11,344.6,Mouse,RUS01
1114,2025-05-11,796.14,Headphones,HYE01
1256,2025-05-11,496.55,Monitor,HYE01
1163,2025-05-11,327.16,Mouse,KGL02
1097,2025-05-11,96.27,Keyboard,RUS01
1310,2025-05-11,707.17,Mouse,KGL02
1091,2025-05-11,436.22,Monitor,RUS01
1027,2025-05-11,304.3,Phone,HYE01
1396,2025-05-11,211.68,Laptop,RUS01
1129,2025-05-11,411.57,Headphones,HYE01
1393,2025-05-11,821.49,Keyboard,KGL01
1227,2025-05-11,561.02,Mouse,HYE01
1227,2025-05-11,382.54,Headphones,KGL01
1153,2025-05-12,1113.36,Headphones,KGL02
1278,2025-05-12,1003.76,Headphones,MUS01
1379,2025-05-12,1107.03,Phone,KGL02
1111,2025-05-12,50.67,Phone,KGL02
1264,2025-05-12,110.27,Phone,HYE01
1258,2025-05-12,641.42,Laptop,RUS01
1365,2025-05-12,357.17,Tablet,KGL02
1214,2025-05-12,349.99,Phone,KGL02
1293,2025-05-12,116.6,Headphones,KGL01
1123,2025-05-12,577.83,Mouse,RUS01
1180,2025-05-12,1098.45,Tablet,HYE01
1327,2025-05-12,915.29,Printer,KGL01
1326,2025-05-12,899.28,Laptop,HYE01
1065,2025-05-12,843.36,Tablet,KGL01
1271,2025-05-12,905.15,Monitor,MUS01
1161,2025-05-12,629.12,Tablet,KGL01
1274,2025-05-12,1089.2,Mouse,KGL01
1127,2025-05-12,199.53,Laptop,MUS01
1130,2025-05-12,625.62,Headphones,HYE01
1177,2025-05-13,554.53,Phone,KGL01
1174,2025-05-13,860.48,Headphones,MUS01
1279,2025-05-13,1074.26,Tablet,RUS01
1128,2025-05-13,546.26,Tablet,KGL02
1164,2025-05-13,989.53,Headphones,RUS01
1266,2025-05-13,368.53,Printer,RUS01
1082,2025-05-13,911.91,Monitor,RUS01
1197,2025-05-13,954.89,Laptop,RUS01
1380,2025-05-13,816.71,Laptop,RUS01
1255,2025-05-13,643.0,Phone,KGL01
1118,2025-05-13,577.29,Keyboard,RUS01
1373,2025-05-13,1165.39,Mouse,MUS01
1396,2025-05-13,862.93,Mouse,KGL02
1218,2025-05-13,779.92,Mouse,MUS01
1363,2025-05-13,716.21,Keyboard,MUS01
1365,2025-05-13,602.14,Monitor,MUS01
1393,2025-05-13,462.71,Mouse,HYE01
1291,2025-05-13,926.08,Laptop,KGL02
1316,2025-05-13,150.94,Phone,HYE01
1380,2025-05-14,193.48,Headphones,KGL01
1395,2025-05-14,1085.06,Tablet,KGL01
1400,2025-05-14,768.33,Printer,MUS01
1119,2025-05-14,1198.48,Printer,KGL01
1261,2025-05-14,1159.54,Printer,KGL02
1164,2025-05-14,638.22,Tablet,KGL01
1252,2025-05-14,884.84,Printer,KGL01
1305,2025-05-14,542.31,Laptop,KGL02
1194,2025-05-14,1152.46,Printer,KGL01
1114,2025-05-14,928.54,Tablet,RUS01
1075,2025-05-14,191.25,Mouse,RUS01
1080,2025-05-14,793.08,Phone,KGL02
1342,2025-05-14,242.58,Headphones,MUS01
1155,2025-05-14,706.91,Phone,KGL02
1015,2025-05-14,442.93,Phone,MUS01
1185,2025-05-14,1079.07,Phone,RUS01
1191,2025-05-14,396.79,Mouse,RUS01
1337,2025-05-15,259.0,Phone,KGL02
1220,2025-05-15,728.07,Keyboard,KGL01
1148,2025-05-15,160.08,Headphones,HYE01
1262,2025-05-15,32.15,Mouse,MUS01
1081,2025-05-15,1001.46,Tablet,KGL01
1156,2025-05-15,989.74,Keyboard,RUS01
1048,2025-05-15,825.79,Printer,RUS01
1090,2025-05-15,152.05,Keyboard,HYE01
1225,2025-05-15,1162.38,Phone,KGL02
1257,2025-05-15,962.66,Keyboard,KGL01
1229,2025-05-15,1181.89,Tablet,MUS01
1153,2025-05-15,894.13,Keyboard,KGL01
1327,2025-05-15,1132.56,Mouse,KGL02
1309,2025-05-15,1006.97,Tablet,HYE01
1252,2025-05-15,44.99,Phone,RUS01
1221,2025-05-15,952.2,Headphones,RUS01
1349,2025-05-15,584.59,Monitor,KGL02
1388,2025-05-15,47.1,Phone,KGL01
1235,2025-05-16,577.98,Phone,KGL02
1150,2025-05-16,716.24,Mouse,KGL01
1081,2025-05-16,534.92,Headphones,MUS01
1302,2025-05-16,1029.62,Phone,HYE01
1298,2025-05-16,154.18,Headphones,KGL01
1272,2025-05-16,380.24,Laptop,KGL01
1135,2025-05-16,752.6,Tablet,KGL01
1254,2025-05-16,332.8,Printer,HYE01
1033,2025-05-16,660.25,Monitor,KGL01
1085,2025-05-16,912.82,Printer,KGL02
1167,2025-05-16,295.9,Monitor,KGL01
1247,2025-05-16,471.12,Tablet,HYE01
1027,2025-05-16,189.04,Mouse,KGL01
1109,2025-05-16,1055.18,Printer,KGL02
1207,2025-05-16,501.38,Monitor,KGL01
1358,2025-05-16,287.01,Tablet,KGL02
1087,2025-05-16,62.32,Monitor,HYE01
1377,2025-05-16,168.28,Headphones,RUS01
1209,2025-05-16,916.23,Laptop,KGL01
1390,2025-05-16,875.55,Phone,KGL01
1310,2025-05-16,1116.24,Tablet,KGL02
1256,2025-05-16,319.1,Phone,KGL01
1021,2025-05-16,395.48,Headphones,KGL02
1207,2025-05-16,84.31,Monitor,MUS01
1031,2025-05-16,163.03,Tablet,MUS01
1131,2025-05-16,754.38,Monitor,KGL01
1110,2025-05-16,1069.96,Keyboard,RUS01
1374,2025-05-16,870.94,Tablet,KGL01
1381,2025-05-17,657.0,Tablet,KGL01
1148,2025-05-17,685.84,Printer,MUS01
1393,2025-05-17,1012.63,Keyboard,MUS01
1367,2025-05-17,661.93,Tablet,RUS01
1299,2025-05-17,391.7,Phone,KGL02
1247,2025-05-17,64.49,Phone,KGL01
1356,2025-05-17,850.09,Mouse,RUS01
1341,2025-05-17,725.89,Monitor,MUS01
1112,2025-05-17,340.4,Keyboard,HYE01
1034,2025-05-17,1010.39,Mouse,KGL02
1097,2025-05-17,178.67,Monitor,MUS01
1399,2025-05-17,725.6,Phone,MUS01
1351,2025-05-17,48.61,Mouse,KGL01
1015,2025-05-17,154.37,Keyboard,MUS01
1380,2025-05-17,363.23,Laptop,MUS01
1100,2025-05-17,670.82,Laptop,KGL02
1270,2025-05-17,375.45,Headphones,RUS01
1085,2025-05-17,593.69,Tablet,HYE01
1375,2025-05-17,632.75,Mouse,KGL02
1230,2025-05-17,256.87,Printer,HYE01
1390,2025-05-17,763.43,Phone,HYE01
1375,2025-05-17,53.05,Phone,KGL02
1120,2025-05-17,596.31,Headphones,MUS01
1224,2025-05-17,230.05,Printer,KGL01
1050,2025-05-17,410.54,Headphones,KGL01
1173,2025-05-17,393.46,Mouse,MUS01
1179,2025-05-18,33.01,Headphones,KGL01
1044,2025-05-18,709.64,Mouse,KGL01
1338,2025-05-18,706.9,Headphones,KGL01
1242,2025-05-18,664.19,Keyboard,HYE01
1241,2025-05-18,158.54,Keyboard,HYE01
1059,2025-05-18,277.93,Mouse,KGL01
1186,2025-05-18,331.76,Printer,HYE01
1315,2025-05-18,649.76,Monitor,KGL01
1327,2025-05-18,1172.34,Keyboard,RUS01
1378,2025-05-18,206.92,Monitor,MUS01
1129,2025-05-18,773.37,Headphones,KGL01
1027,2025-05-18,420.97,Tablet,RUS01
1382,2025-05-18,69.88,Laptop,KGL01
1315,2025-05-18,929.24,Tablet,RUS01
1271,2025-05-18,952.8,Laptop,KGL02
1147,2025-05-18,760.8,Monitor,RUS01
1343,2025-05-18,328.72,Phone,KGL02
1081,2025-05-18,554.35,Monitor,KGL01
1310,2025-05-18,310.53,Phone,KGL01
1185,2025-05-18,588.8,Headphones,RUS01
1383,2025-05-18,874.29,Monitor,KGL02
1240,2025-05-18,730.76,Tablet,HYE01
1171,2025-05-18,895.4,Mouse,MUS01
1208,2025-05-18,855.73,Laptop,HYE01
1085,2025-05-18,294.37,Phone,KGL01
1285,2025-05-19,342.95,Laptop,MUS01
1243,2025-05-19,245.39,Laptop,HYE01
1023,2025-05-19,15.48,Keyboard,MUS01
1340,2025-05-19,637.07,Printer,MUS01
1373,2025-05-19,424.0,Phone,HYE01
1370,2025-05-19,435.42,Laptop,KGL02
1370,2025-05-19,934.64,Keyboard,MUS01
1267,2025-05-19,328.15,Keyboard,HYE01
1034,2025-05-19,1175.02,Tablet,KGL01
1049,2025-05-19,395.57,Printer,MUS01
1146,2025-05-19,577.71,Laptop,MUS01
1130,2025-05-19,482.34,Mouse,KGL01
1374,2025-05-19,67.38,Mouse,RUS01
1114,2025-05-19,676.91,Monitor,MUS01
1029,2025-05-20,732.48,Tablet,MUS01
1115,2025-05-20,265.0,Headphones,MUS01
1026,2025-05-20,705.28,Laptop,KGL01
1008,2025-05-20,632.17,Keyboard,KGL02
1089,2025-05-20,653.72,Printer,HYE01
1020,2025-05-20,599.08,Tablet,KGL01
1121,2025-05-20,740.27,Tablet,RUS01
1350,2025-05-20,423.87,Tablet,MUS01
1147,2025-05-20,508.52,Laptop,RUS01
1240,2025-05-20,862.14,Monitor,MUS01
1004,2025-05-20,100.71,Phone,RUS01
1286,2025-05-20,373.19,Phone,KGL01
1231,2025-05-20,462.76,Printer,RUS01
1306,2025-05-20,725.27,Tablet,RUS01
1372,2025-05-20,375.47,Mouse,RUS01
1347,2025-05-20,855.92,Printer,KGL01
1291,2025-05-20,1111.42,Monitor,KGL01
1193,2025-05-20,910.77,Mouse,MUS01
1277,2025-05-20,804.08,Keyboard,KGL01
1374,2025-05-20,703.28,Tablet,RUS01
1196,2025-05-20,727.98,Headphones,KGL02
1177,2025-05-21,383.64,Headphones,KGL02
1297,2025-05-21,394.74,Laptop,HYE01
1151,2025-05-21,757.22,Monitor,MUS01
1308,2025-05-21,602.85,Tablet,RUS01
1218,2025-05-21,92.6,Monitor,HYE01
1141,2025-05-21,153.81,Keyboard,RUS01
1385,2025-05-21,322.94,Laptop,RUS01
1347,2025-05-21,610.39,Monitor,RUS01
1146,2025-05-21,324.19,Tablet,HYE01
1223,2025-05-21,99.06,Mouse,RUS01
1103,2025-05-21,227.78,Mouse,KGL02
1340,2025-05-21,401.25,Printer,KGL01
1155,2025-05-21,480.06,Headphones,KGL02
1218,2025-05-21,301.16,Tablet,RUS01
1238,2025-05-21,198.05,Laptop,MUS01
1160,2025-05-21,740.68,Keyboard,HYE01
1013,2025-05-21,126.89,Printer,RUS01
1150,2025-05-21,1027.96,Phone,HYE01
1121,2025-05-21,873.96,Mouse,MUS01
1080,2025-05-21,905.77,Laptop,MUS01
1271,2025-05-22,408.11,Monitor,MUS01
1295,2025-05-22,1192.05,Headphones,RUS01
1281,2025-05-22,322.65,Tablet,KGL01
1017,2025-05-22,122.64,Mouse,MUS01
1351,2025-05-22,74.62,Phone,KGL01
1378,2025-05-22,763.34,Printer,RUS01
1012,2025-05-22,1080.12,Phone,RUS01
1185,2025-05-22,993.13,Tablet,MUS01
1068,2025-05-22,740.77,Mouse,KGL01
1005,2025-05-22,88.46,Phone,KGL02
1171,2025-05-22,172.58,Headphones,MUS01
1228,2025-05-22,433.91,Tablet,KGL01
1043,2025-05-22,930.12,Monitor,KGL02
1228,2025-05-22,633.01,Tablet,KGL01
1008,2025-05-22,675.78,Headphones,MUS01
1303,2025-05-22,87.01,Tablet,RUS01
1243,2025-05-22,1092.04,Headphones,RUS01
1018,2025-05-22,473.01,Keyboard,MUS01
1269,2025-05-22,702.5,Monitor,RUS01
1110,2025-05-22,472.73,Headphones,KGL02
1080,2025-05-22,722.04,Monitor,KGL01
1191,2025-05-22,176.74,Printer,KGL02
1079,2025-05-22,897.79,Keyboard,MUS01
1132,2025-05-22,1114.03,Tablet,RUS01
1072,2025-05-22,54.88,Headphones,HYE01
1231,2025-05-22,679.3,Laptop,KGL02
1219,2025-05-22,171.28,Monitor,HYE01
1190,2025-05-22,375.1,Monitor,KGL02
1200,2025-05-23,282.69,Mouse,KGL02
1243,2025-05-23,799.19,Phone,MUS01
1136,2025-05-23,1142.28,Phone,RUS01
1337,2025-05-23,890.58,Printer,MUS01
1310,2025-05-23,867.23,Headphones,KGL01
1110,2025-05-23,1050.12,Phone,KGL01
1262,2025-05-23,876.79,Mouse,KGL01
1301,2025-05-23,985.69,Monitor,RUS01
1188,2025-05-23,640.56,Monitor,KGL01
1103,2025-05-23,258.32,Monitor,RUS01
1241,2025-05-23,357.36,Keyboard,RUS01
1102,2025-05-23,1016.22,Keyboard,KGL01
1254,2025-05-23,361.54,Phone,KGL02
1138,2025-05-23,507.37,Monitor,HYE01
1129,2025-05-23,651.81,Phone,HYE01
1240,2025-05-23,697.83,Phone,HYE01
1384,2025-05-23,682.41,Printer,KGL02
1264,2025-05-23,965.21,Mouse,KGL01
1125,2025-05-23,118.52,Laptop,KGL01
1107,2025-05-23,1034.66,Headphones,KGL01
1126,2025-05-23,685.39,Printer,MUS01
1052,2025-05-23,849.26,Monitor,KGL01
1126,2025-05-23,205.11,Laptop,RUS01
1098,2025-05-23,201.02,Tablet,RUS01
1271,2025-05-23,716.77,Keyboard,MUS01
1307,2025-05-23,900.8,Laptop,KGL01
1318,2025-05-23,315.82,Printer,KGL02
1127,2025-05-23,282.8,Printer,HYE01
1018,2025-05-23,1123.06,Laptop,RUS01
1004,2025-05-24,92.16,Keyboard,KGL01
1253,2025-05-24,444.39,Keyboard,MUS01
1138,2025-05-24,445.39,Keyboard,MUS01
1107,2025-05-24,143.64,Keyboard,KGL02
1303,2025-05-24,961.97,Tablet,MUS01
1003,2025-05-24,153.57,Phone,KGL01
1106,2025-05-24,886.04,Headphones,KGL01
1386,2025-05-24,1032.68,Tablet,KGL01
1359,2025-05-24,279.32,Mouse,MUS01
1237,2025-05-24,263.46,Mouse,KGL02
1268,2025-05-24,1086.11,Laptop,KGL02
1146,2025-05-24,30.41,Mouse,KGL01
1119,2025-05-24,277.69,Monitor,KGL02
1045,2025-05-24,1008.61,Phone,KGL02
1041,2025-05-24,845.48,Monitor,KGL01
1051,2025-05-24,1067.5,Mouse,HYE01
1250,2025-05-24,831.97,Phone,HYE01
1223,2025-05-24,876.29,Printer,HYE01
1179,2025-05-24,945.52,Headphones,KGL02
1278,2025-05-24,205.84,Tablet,KGL01
1146,2025-05-24,1124.07,Mouse,HYE01
1031,2025-05-24,538.66,Headphones,HYE01
1325,2025-05-24,392.27,Monitor,HYE01
1043,2025-05-24,894.47,Headphones,HYE01
1347,2025-05-24,814.03,Phone,MUS01
1279,2025-05-24,116.28,Phone,KGL02
1117,2025-05-25,641.7,Headphones,HYE01
1086,2025-05-25,74.02,Phone,MUS01
1181,2025-05-25,746.17,Mouse,HYE01
1266,2025-05-25,71.9,Phone,KGL02
1254,2025-05-25,1102.61,Laptop,KGL02
1133,2025-05-25,907.25,Phone,KGL01
1215,2025-05-25,315.17,Monitor,RUS01
1307,2025-05-25,935.83,Printer,MUS01
1244,2025-05-25,1047.26,Mouse,RUS01
1373,2025-05-25,500.25,Mouse,KGL01
1370,2025-05-25,28.52,Printer,KGL02
1395,2025-05-25,67.14,Laptop,HYE01
1188,2025-05-25,714.46,Laptop,KGL01
1091,2025-05-25,606.39,Keyboard,KGL01
1396,2025-05-25,76.43,Phone,KGL01
1289,2025-05-25,1029.84,Printer,HYE01
1181,2025-05-25,446.62,Headphones,KGL01
1071,2025-05-25,766.86,Tablet,KGL02
1369,2025-05-25,319.11,Phone,HYE01
1044,2025-05-25,578.05,Keyboard,KGL01
1369,2025-05-25,1096.18,Mouse,KGL01
1104,2025-05-25,300.55,Printer,HYE01
1200,2025-05-25,287.64,Headphones,HYE01
1195,2025-05-26,874.4,Tablet,KGL02
1292,2025-05-26,953.03,Mouse,KGL02
1000,2025-05-26,528.83,Tablet,KGL02
1219,2025-05-26,1148.45,Printer,RUS01
1045,2025-05-26,1081.97,Monitor,HYE01
1263,2025-05-26,609.14,Laptop,MUS01
1212,2025-05-26,57.87,Printer,MUS01
1249,2025-05-26,325.29,Laptop,KGL02
1010,2025-05-26,461.88,Mouse,KGL02
1009,2025-05-26,208.1,Tablet,RUS01
1259,2025-05-26,80.74,Tablet,MUS01
1113,2025-05-26,223.93,Laptop,HYE01
1230,2025-05-26,153.97,Headphones,RUS01
1400,2025-05-26,368.24,Printer,MUS01
1345,2025-05-26,154.76,Headphones,HYE01
1179,2025-05-26,274.66,Phone,KGL01
1399,2025-05-26,575.98,Tablet,KGL02
1238,2025-05-26,26.95,Laptop,MUS01
1150,2025-05-26,739.01,Tablet,KGL01
1324,2025-05-26,1031.83,Monitor,KGL02
1289,2025-05-26,216.06,Printer,HYE01
1074,2025-05-26,433.63,Mouse,RUS01
1346,2025-05-26,1039.38,Monitor,HYE01
1149,2025-05-26,730.85,Monitor,KGL01
1344,2025-05-26,969.56,Printer,MUS01
1144,2025-05-26,41.1,Laptop,MUS01
1124,2025-05-27,319.73,Keyboard,RUS01
1040,2025-05-27,1093.85,Laptop,KGL02
1296,2025-05-27,1051.9,Mouse,HYE01
1057,2025-05-27,658.62,Mouse,KGL02
1181,2025-05-27,170.58,Monitor,KGL01
1053,2025-05-27,204.29,Mouse,MUS01
1269,2025-05-27,244.94,Mouse,HYE01
1060,2025-05-27,933.61,Headphones,KGL01
1079,2025-05-27,133.5,Monitor,MUS01
1345,2025-05-27,35.53,Laptop,KGL02
1194,2025-05-27,880.64,Keyboard,MUS01
1050,2025-05-27,1084.09,Headphones,KGL01
1188,2025-05-27,680.59,Headphones,KGL01
1157,2025-05-27,575.59,Monitor,KGL01
1131,2025-05-27,732.94,Phone,KGL02
1233,2025-05-28,650.21,Tablet,KGL01
1279,2025-05-28,724.2,Monitor,HYE01
1289,2025-05-28,387.13,Phone,KGL02
1192,2025-05-28,122.66,Printer,HYE01
1132,2025-05-28,630.57,Printer,MUS01
1298,2025-05-28,131.18,Tablet,HYE01
1137,2025-05-28,430.05,Tablet,KGL01
1017,2025-05-28,275.86,Printer,KGL02
1307,2025-05-28,484.17,Printer,KGL02
1350,2025-05-28,187.36,Mouse,MUS01
1356,2025-05-28,394.04,Keyboard,KGL01
1001,2025-05-28,803.38,Tablet,RUS01
1178,2025-05-28,1071.28,Monitor,HYE01
1131,2025-05-28,270.01,Mouse,HYE01
1242,2025-05-28,176.92,Phone,RUS01
1392,2025-05-28,528.57,Phone,RUS01
1133,2025-05-28,1016.17,Laptop,KGL01
1335,2025-05-28,942.09,Phone,KGL02
1209,2025-05-28,1151.97,Phone,RUS01
1399,2025-05-28,1141.5,Phone,RUS01
1400,2025-05-28,580.18,Phone,MUS01
1324,2025-05-28,1130.9,Printer,KGL01
1397,2025-05-28,1193.13,Laptop,KGL02
1258,2025-05-28,313.79,Tablet,KGL02
1369,2025-05-28,1133.42,Tablet,HYE01
1158,2025-05-29,573.36,Monitor,MUS01
1361,2025-05-29,600.03,Keyboard,MUS01
1328,2025-05-29,693.55,Laptop,KGL01
1322,2025-05-29,663.29,Tablet,KGL02
1039,2025-05-29,1175.96,Printer,RUS01
1280,2025-05-29,675.36,Tablet,MUS01
1035,2025-05-29,416.37,Printer,RUS01
1309,2025-05-29,275.5,Laptop,KGL01
1380,2025-05-29,167.78,Laptop,HYE01
1197,2025-05-29,785.66,Keyboard,HYE01
1137,2025-05-29,153.03,Mouse,RUS01
1325,2025-05-29,1066.08,Tablet,KGL02
1158,2025-05-29,332.26,Laptop,KGL01
1185,2025-05-29,676.11,Printer,HYE01
1309,2025-05-29,755.68,Keyboard,HYE01
1119,2025-05-29,858.07,Phone,MUS01
1227,2025-05-29,229.25,Tablet,KGL02
1003,2025-05-29,1001.1,Phone,KGL02
1305,2025-05-29,397.67,Keyboard,MUS01
1191,2025-05-29,116.06,Phone,KGL02
1106,2025-05-29,937.1,Keyboard,RUS01
1314,2025-05-29,933.87,Headphones,HYE01
1167,2025-05-30,1085.42,Tablet,KGL02
1162,2025-05-30,1192.99,Printer,KGL02
1380,2025-05-30,1164.94,Mouse,KGL01
1002,2025-05-30,115.84,Monitor,HYE01
1240,2025-05-30,88.57,Mouse,KGL02
1336,2025-05-30,348.73,Mouse,KGL02
1266,2025-05-30,260.71,Headphones,KGL01
1296,2025-05-30,900.01,Mouse,KGL01
1289,2025-05-30,488.21,Headphones,RUS01
1275,2025-05-30,967.86,Printer,HYE01
1224,2025-05-30,258.48,Laptop,HYE01
1173,2025-05-30,695.86,Printer,KGL01
1092,2025-05-30,307.08,Keyboard,KGL01
1223,2025-05-30,1153.06,Printer,KGL01
1043,2025-05-30,556.09,Phone,HYE01
1021,2025-05-30,542.13,Mouse,RUS01
1197,2025-05-30,936.34,Printer,MUS01
1261,2025-05-30,45.09,Headphones,HYE01
1250,2025-05-30,492.01,Headphones,MUS01
1036,2025-05-30,1151.9,Tablet,MUS01
1032,2025-05-31,532.48,Monitor,RUS01
1328,2025-05-31,1056.29,Printer,HYE01
1150,2025-05-31,749.16,Laptop,HYE01
1193,2025-05-31,946.51,Mouse,RUS01
1261,2025-05-31,630.01,Headphones,KGL01
1095,2025-05-31,1110.57,Monitor,KGL02
1317,2025-05-31,1085.06,Tablet,RUS01
1390,2025-05-31,594.69,Mouse,KGL01
1322,2025-05-31,691.74,Mouse,MUS01
1076,2025-05-31,799.74,Headphones,RUS01
1071,2025-05-31,373.67,Laptop,MUS01
1068,2025-05-31,779.39,Keyboard,KGL02
1052,2025-05-31,811.4,Tablet,RUS01
1168,2025-05-31,1089.95,Keyboard,MUS01
1251,2025-05-31,149.14,Tablet,HYE01
1266,2025-05-31,936.05,Laptop,KGL01
1266,2025-05-31,37.87,Phone,RUS01
1120,2025-05-31,666.99,Monitor,RUS01
1383,2025-05-31,520.14,Headphones,KGL02
1017,2025-05-31,513.57,Printer,KGL01
1178,2025-05-31,391.8,Monitor,KGL02
1153,2025-05-31,345.88,Keyboard,MUS01
1346,2025-06-01,896.49,Keyboard,RUS01
1353,2025-06-01,953.37,Laptop,KGL01
1145,2025-06-01,239.75,Tablet,KGL01
1295,2025-06-01,553.75,Headphones,MUS01
1345,2025-06-01,383.2,Mouse,KGL01
1051,2025-06-01,51.89,Headphones,RUS01
1168,2025-06-01,1108.92,Mouse,HYE01
1304,2025-06-01,75.27,Tablet,RUS01
1032,2025-06-01,124.6,Laptop,KGL01
1263,2025-06-01,1184.43,Headphones,HYE01
1191,2025-06-01,275.38,Phone,MUS01
1000,2025-06-01,213.12,Printer,KGL01
1309,2025-06-01,42.44,Printer,KGL02
1360,2025-06-01,764.36,Tablet,KGL02
1084,2025-06-01,184.11,Headphones,KGL01
1120,2025-06-01,1049.3,Keyboard,KGL01
1000,2025-06-02,710.43,Tablet,HYE01
1315,2025-06-02,954.17,Headphones,RUS01
1218,2025-06-02,868.09,Keyboard,RUS01
1166,2025-06-02,905.04,Phone,RUS01
1071,2025-06-02,346.66,Laptop,MUS01
1126,2025-06-02,834.12,Laptop,KGL02
1398,2025-06-02,1161.45,Tablet,MUS01
1168,2025-06-02,924.71,Tablet,MUS01
1166,2025-06-02,953.92,Keyboard,KGL02
1015,2025-06-02,454.6,Tablet,KGL01
1241,2025-06-02,807.76,Monitor,KGL01
1155,2025-06-02,1072.12,Tablet,MUS01
1351,2025-06-02,985.86,Headphones,RUS01
1344,2025-06-02,764.01,Monitor,KGL01
1052,2025-06-02,35.09,Tablet,KGL02
1094,2025-06-02,847.14,Monitor,HYE01
1205,2025-06-02,942.21,Laptop,KGL02
1215,2025-06-02,703.78,Monitor,MUS01
1239,2025-06-02,233.82,Headphones,KGL02
1302,2025-06-02,1144.59,Headphones,HYE01
1066,2025-06-02,1162.43,Headphones,KGL02
1085,2025-06-02,492.54,Tablet,HYE01
1389,2025-06-02,1101.03,Mouse,HYE01
1311,2025-06-02,479.78,Printer,KGL01
1063,2025-06-02,929.93,Phone,KGL02
1054,2025-06-02,447.11,Headphones,KGL02
1300,2025-06-02,41.2,Laptop,MUS01
1223,2025-06-03,242.48,Tablet,HYE01
1010,2025-06-03,1077.61,Phone,HYE01
1141,2025-06-03,754.04,Keyboard,KGL02
1090,2025-06-03,74.64,Tablet,HYE01
1309,2025-06-03,74.08,Printer,RUS01
1169,2025-06-03,550.01,Headphones,KGL02
1026,2025-06-03,448.92,Keyboard,KGL02
1122,2025-06-03,993.21,Phone,KGL02
1112,2025-06-03,213.82,Keyboard,MUS01
1233,2025-06-03,1159.41,Tablet,MUS01
1222,2025-06-03,438.87,Mouse,KGL02
1379,2025-06-03,50.09,Monitor,KGL01
1121,2025-06-03,537.0,Monitor,HYE01
1342,2025-06-03,1024.99,Laptop,KGL01
1137,2025-06-03,167.2,Headphones,KGL01
1174,2025-06-03,910.76,Laptop,RUS01
1057,2025-06-03,913.87,Mouse,KGL01
1297,2025-06-03,668.26,Tablet,KGL02
1177,2025-06-03,252.77,Phone,KGL01
1297,2025-06-03,64.17,Laptop,MUS01
1099,2025-06-03,1088.27,Tablet,MUS01
1139,2025-06-03,140.7,Monitor,MUS01
1041,2025-06-03,102.95,Headphones,MUS01
1270,2025-06-03,721.32,Tablet,KGL02
1153,2025-06-03,301.71,Laptop,MUS01
1336,2025-06-03,1145.3,Keyboard,KGL01
1229,2025-06-03,1138.91,Keyboard,MUS01
1052,2025-06-03,828.09,Monitor,HYE01
1039,2025-06-04,456.29,Headphones,MUS01
1391,2025-06-04,418.67,Mouse,KGL01
1147,2025-06-04,657.29,Monitor,RUS01
1388,2025-06-04,479.59,Headphones,KGL02
1046,2025-06-04,237.64,Phone,MUS01
1119,2025-06-04,1059.77,Keyboard,MUS01
1079,2025-06-04,503.73,Keyboard,KGL01
1204,2025-06-04,215.64,Keyboard,KGL02
1101,2025-06-04,696.59,Tablet,KGL01
1071,2025-06-04,1057.18,Keyboard,KGL01
1231,2025-06-04,709.1,Mouse,KGL01
1257,2025-06-04,741.89,Headphones,KGL02
1223,2025-06-04,317.67,Headphones,RUS01
1253,2025-06-04,275.97,Laptop,HYE01
1084,2025-06-04,589.91,Monitor,HYE01
1131,2025-06-04,452.08,Mouse,KGL02
1050,2025-06-04,267.84,Headphones,MUS01
1077,2025-06-04,1059.01,Printer,KGL01
1083,2025-06-04,1069.53,Tablet,RUS01
1139,2025-06-04,82.62,Headphones,KGL02
1306,2025-06-04,440.41,Headphones,HYE01
1040,2025-06-04,166.93,Printer,HYE01
1348,2025-06-04,150.19,Headphones,KGL02
1078,2025-06-04,796.97,Headphones,HYE01
1227,2025-06-05,209.8,Mouse,KGL02
1145,2025-06-05,837.65,Monitor,RUS01
1201,2025-06-05,31.97,Mouse,KGL01
1032,2025-06-05,952.22,Mouse,KGL01
1380,2025-06-05,197.75,Headphones,KGL01
1239,2025-06-05,657.38,Tablet,KGL01
1065,2025-06-05,786.87,Mouse,HYE01
1319,2025-06-05,186.5,Tablet,HYE01
1398,2025-06-05,560.07,Keyboard,KGL01
1362,2025-06-05,344.76,Tablet,HYE01
1308,2025-06-05,967.93,Mouse,MUS01
1378,2025-06-05,1061.75,Phone,KGL02
1210,2025-06-05,285.59,Mouse,MUS01
1148,2025-06-05,269.93,Headphones,HYE01
1290,2025-06-05,52.87,Tablet,KGL01
1356,2025-06-05,381.89,Keyboard,KGL02
1248,2025-06-05,721.06,Headphones,RUS01
1315,2025-06-05,573.62,Keyboard,KGL02
1149,2025-06-05,1156.77,Printer,MUS01
1101,2025-06-05,416.12,Tablet,KGL01
1168,2025-06-05,13.46,Keyboard,KGL02
1295,2025-06-05,85.21,Phone,RUS01
1128,2025-06-06,625.79,Headphones,KGL02
1340,2025-06-06,1181.34,Tablet,KGL02
1316,2025-06-06,674.85,Keyboard,HYE01
1030,2025-06-06,1125.57,Headphones,KGL01
1327,2025-06-06,592.41,Printer,MUS01
1025,2025-06-06,33.87,Tablet,MUS01
1305,2025-06-06,233.81,Laptop,KGL01
1398,2025-06-06,460.96,Mouse,KGL01
1053,2025-06-06,893.02,Printer,HYE01
1278,2025-06-06,560.18,Phone,KGL02
1002,2025-06-06,23.74,Tablet,MUS01
1083,2025-06-06,650.42,Laptop,KGL01
1170,2025-06-06,699.98,Keyboard,MUS01
1022,2025-06-06,174.86,Printer,MUS01
1037,2025-06-06,109.79,Mouse,MUS01
1209,2025-06-06,897.78,Headphones,KGL01
1095,2025-06-06,863.73,Keyboard,KGL01
1210,2025-06-06,1136.57,Printer,KGL01
1168,2025-06-06,875.99,Keyboard,RUS01
1097,2025-06-06,641.08,Keyboard,MUS01
1135,2025-06-06,1068.47,Tablet,KGL02
1385,2025-06-06,749.75,Printer,MUS01
1218,2025-06-06,145.13,Headphones,RUS01
1280,2025-06-06,1172.22,Monitor,KGL01
1339,2025-06-06,113.56,Printer,KGL02
1211,2025-06-06,447.73,Laptop,KGL01
1138,2025-06-06,371.25,Monitor,KGL02
1124,2025-06-06,504.59,Monitor,HYE01
1047,2025-06-07,767.69,Tablet,MUS01
1090,2025-06-07,1036.06,Mouse,MUS01
1397,2025-06-07,709.01,Printer,RUS01
1001,2025-06-07,1196.51,Printer,RUS01
1141,2025-06-07,398.5,Printer,KGL02
1177,2025-06-07,81.34,Phone,KGL01
1354,2025-06-07,840.83,Keyboard,KGL02
1240,2025-06-07,740.79,Headphones,KGL01
1068,2025-06-07,940.53,Keyboard,HYE01
1027,2025-06-07,1038.09,Monitor,KGL02
1053,2025-06-07,539.71,Keyboard,HYE01
1046,2025-06-07,665.76,Mouse,HYE01
1288,2025-06-07,723.61,Monitor,RUS01
1081,2025-06-07,865.8,Printer,MUS01
1339,2025-06-07,1172.05,Printer,RUS01
1070,2025-06-07,43.15,Phone,RUS01
1220,2025-06-07,784.76,Headphones,HYE01
1169,2025-06-07,408.04,Keyboard,HYE01
1021,2025-06-07,972.89,Monitor,MUS01
1162,2025-06-07,78.93,Headphones,RUS01
1220,2025-06-07,425.96,Keyboard,KGL01
1291,2025-06-07,975.37,Keyboard,MUS01
1081,2025-06-07,49.03,Tablet,KGL02
1035,2025-06-08,259.01,Headphones,KGL01
1332,2025-06-08,1186.34,Tablet,KGL02
1369,2025-06-08,946.36,Monitor,RUS01
1344,2025-06-08,919.92,Monitor,HYE01
1134,2025-06-08,506.78,Tablet,KGL02
1084,2025-06-08,567.47,Mouse,KGL01
1342,2025-06-08,316.49,Mouse,RUS01
1264,2025-06-08,1023.98,Mouse,MUS01
1155,2025-06-08,690.08,Phone,HYE01
1037,2025-06-08,58.89,Tablet,HYE01
1209,2025-06-08,35.45,Headphones,HYE01
1018,2025-06-08,1190.42,Printer,MUS01
1200,2025-06-08,509.36,Mouse,MUS01
1213,2025-06-08,45.75,Tablet,HYE01
1326,2025-06-08,487.95,Phone,RUS01
1117,2025-06-08,383.29,Keyboard,RUS01
1352,2025-06-08,319.63,Monitor,MUS01
1298,2025-06-08,1031.94,Printer,HYE01
1329,2025-06-08,784.32,Phone,KGL01
1322,2025-06-08,1084.92,Printer,HYE01
1245,2025-06-09,1000.59,Keyboard,KGL02
1060,2025-06-09,522.3,Laptop,KGL01
1350,2025-06-09,284.2,Mouse,MUS01
1374,2025-06-09,972.76,Laptop,RUS01
1226,2025-06-09,32.54,Tablet,KGL01
1140,2025-06-09,1057.52,Phone,HYE01
1256,2025-06-09,102.94,Keyboard,RUS01
1046,2025-06-09,1185.65,Keyboard,KGL01
1276,2025-06-09,670.89,Monitor,MUS01
1134,2025-06-09,576.73,Tablet,MUS01
1144,2025-06-09,1199.59,Headphones,RUS01
1271,2025-06-09,435.43,Printer,MUS01
1059,2025-06-09,902.1,Monitor,RUS01
1077,2025-06-09,834.62,Mouse,KGL02
1397,2025-06-09,458.49,Monitor,RUS01
1157,2025-06-09,1025.57,Printer,MUS01
1341,2025-06-10,551.09,Phone,KGL01
1109,2025-06-10,414.0,Monitor,HYE01
1346,2025-06-10,1070.18,Printer,HYE01
1261,2025-06-10,47.05,Printer,MUS01
1054,2025-06-10,764.7,Headphones,RUS01
1072,2025-06-10,629.5,Laptop,KGL01
1003,2025-06-10,598.46,Phone,KGL02
1337,2025-06-10,1112.69,Laptop,MUS01
1132,2025-06-10,1105.05,Mouse,HYE01
1020,2025-06-10,531.19,Mouse,KGL02
1184,2025-06-10,1153.51,Headphones,KGL01
1044,2025-06-10,502.35,Keyboard,KGL01
1260,2025-06-10,938.91,Tablet,HYE01
1063,2025-06-10,872.96,Tablet,KGL02
1357,2025-06-10,546.98,Monitor,RUS01
1131,2025-06-10,924.99,Monitor,HYE01
1037,2025-06-10,811.59,Headphones,KGL02
1022,2025-06-10,12.19,Tablet,MUS01
1355,2025-06-10,1054.65,Laptop,RUS01
1145,2025-06-11,934.29,Headphones,RUS01
1364,2025-06-11,1166.99,Tablet,MUS01
1227,2025-06-11,673.94,Tablet,RUS01
1007,2025-06-11,595.14,Headphones,HYE01
1286,2025-06-11,105.48,Printer,KGL02
1075,2025-06-11,202.33,Phone,MUS01
1161,2025-06-11,457.24,Printer,KGL02
1347,2025-06-11,551.04,Laptop,KGL01
1381,2025-06-11,451.69,Keyboard,KGL01
1300,2025-06-11,199.65,Tablet,MUS01
1266,2025-06-11,728.63,Phone,MUS01
1138,2025-06-11,784.67,Printer,KGL01
1383,2025-06-11,908.76,Mouse,KGL01
1022,2025-06-11,304.5,Printer,HYE01
1267,2025-06-11,673.43,Monitor,KGL01
1292,2025-06-11,812.85,Monitor,MUS01
1063,2025-06-11,524.84,Phone,KGL02
1027,2025-06-11,978.98,Monitor,KGL02
1330,2025-06-11,649.27,Headphones,KGL01
1240,2025-06-11,251.2,Laptop,MUS01
1277,2025-06-11,106.93,Laptop,MUS01
1247,2025-06-11,733.58,Keyboard,RUS01
1389,2025-06-11,669.14,Tablet,RUS01
1397,2025-06-11,98.83,Headphones,HYE01
1181,2025-06-11,762.28,Laptop,KGL01
1268,2025-06-11,367.7,Mouse,MUS01
1125,2025-06-12,361.45,Printer,KGL02
1130,2025-06-12,832.72,Laptop,HYE01
1143,2025-06-12,165.46,Laptop,MUS01
1138,2025-06-12,496.93,Monitor,HYE01
1222,2025-06-12,596.61,Headphones,KGL02
1168,2025-06-12,517.33,Monitor,KGL02
1391,2025-06-12,337.61,Phone,KGL01
1316,2025-06-12,533.39,Printer,KGL02
1134,2025-06-12,808.33,Monitor,RUS01
1079,2025-06-12,74.58,Headphones,KGL02
1321,2025-06-12,858.31,Printer,HYE01
1266,2025-06-12,1087.37,Printer,KGL01
1204,2025-06-12,925.85,Headphones,RUS01
1107,2025-06-12,530.8,Keyboard,KGL02
1328,2025-06-12,486.67,Mouse,KGL01
1330,2025-06-13,852.09,Mouse,KGL01
1331,2025-06-13,731.33,Tablet,KGL02
1118,2025-06-13,994.65,Headphones,KGL01
1003,2025-06-13,128.77,Monitor,KGL02
1310,2025-06-13,152.28,Mouse,HYE01
1183,2025-06-13,719.64,Phone,KGL02
1083,2025-06-13,315.17,Laptop,MUS01
1096,2025-06-13,229.88,Keyboard,KGL01
1307,2025-06-13,518.92,Phone,HYE01
1052,2025-06-13,774.39,Mouse,KGL02
1175,2025-06-13,329.98,Keyboard,KGL01
1260,2025-06-13,232.43,Laptop,KGL02
1353,2025-06-13,891.84,Monitor,HYE01
1234,2025-06-13,604.56,Monitor,KGL02
1339,2025-06-13,979.61,Laptop,HYE01
1004,2025-06-13,422.36,Laptop,KGL02
1052,2025-06-14,509.65,Printer,HYE01
1327,2025-06-14,214.24,Keyboard,RUS01
1324,2025-06-14,743.93,Laptop,KGL01
1202,2025-06-14,347.07,Printer,MUS01
1337,2025-06-14,1154.59,Printer,RUS01
1277,2025-06-14,739.5,Monitor,RUS01
1134,2025-06-14,1045.36,Printer,RUS01
1178,2025-06-14,1130.68,Keyboard,MUS01
1077,2025-06-14,1057.19,Tablet,RUS01
1285,2025-06-14,421.8,Phone,KGL02
1256,2025-06-14,573.82,Monitor,HYE01
1127,2025-06-14,1121.29,Tablet,KGL01
1043,2025-06-14,718.42,Keyboard,RUS01
1162,2025-06-14,954.42,Printer,RUS01
1123,2025-06-14,588.49,Printer,MUS01
1121,2025-06-14,345.97,Mouse,KGL02
1203,2025-06-14,349.87,Mouse,RUS01
1059,2025-06-14,343.94,Phone,HYE01
1016,2025-06-14,768.47,Keyboard,KGL01
1137,2025-06-14,920.72,Tablet,KGL02
1008,2025-06-14,640.61,Headphones,KGL02
1003,2025-06-14,412.11,Printer,KGL01
1117,2025-06-14,14.87,Mouse,MUS01
1081,2025-06-14,724.08,Mouse,RUS01
1326,2025-06-14,1014.35,Headphones,RUS01
1103,2025-06-14,257.17,Mouse,RUS01
1096,2025-06-14,693.53,Laptop,KGL01
1285,2025-06-15,1184.81,Tablet,MUS01
1194,2025-06-15,486.17,Monitor,RUS01
1046,2025-06-15,1119.56,Laptop,HYE01
1369,2025-06-15,528.15,Laptop,KGL02
1115,2025-06-15,583.15,Tablet,KGL02
1199,2025-06-15,1051.81,Keyboard,MUS01
1277,2025-06-15,840.46,Keyboard,HYE01
1302,2025-06-15,804.28,Headphones,RUS01
1008,2025-06-15,495.09,Laptop,KGL02
1036,2025-06-15,943.83,Monitor,KGL02
1331,2025-06-15,993.44,Tablet,KGL02
1126,2025-06-15,86.76,Monitor,RUS01
1221,2025-06-15,774.91,Phone,KGL01
1221,2025-06-15,1035.07,Mouse,KGL01
1007,2025-06-15,592.06,Keyboard,KGL01
1125,2025-06-15,225.25,Headphones,HYE01
1306,2025-06-15,224.16,Printer,KGL01
1262,2025-06-15,1134.56,Headphones,MUS01
1199,2025-06-15,541.17,Mouse,RUS01
1135,2025-06-15,767.38,Monitor,KGL01
1045,2025-06-15,445.88,Headphones,KGL02
1361,2025-06-16,657.29,Printer,MUS01
1263,2025-06-16,1069.64,Laptop,RUS01
1146,2025-06-16,852.72,Phone,KGL01
1152,2025-06-16,1184.14,Laptop,RUS01
1065,2025-06-16,360.78,Keyboard,KGL01
1381,2025-06-16,755.56,Keyboard,KGL01
1334,2025-06-16,54.42,Mouse,RUS01
1161,2025-06-16,814.91,Mouse,HYE01
1031,2025-06-16,367.2,Headphones,MUS01
1165,2025-06-16,48.42,Printer,KGL02
1286,2025-06-16,749.18,Keyboard,KGL02
1393,2025-06-16,304.18,Phone,KGL01
1010,2025-06-16,453.16,Printer,RUS01
1185,2025-06-16,783.49,Laptop,HYE01
1276,2025-06-16,889.45,Monitor,RUS01
1143,2025-06-16,88.53,Monitor,MUS01
1236,2025-06-16,943.88,Keyboard,KGL01
1027,2025-06-16,411.92,Printer,KGL02
1308,2025-06-16,270.13,Headphones,RUS01
1266,2025-06-16,739.36,Monitor,KGL02
1230,2025-06-16,1094.76,Laptop,RUS01
1372,2025-06-16,1100.37,Printer,KGL01
1121,2025-06-16,388.89,Laptop,KGL02
1280,2025-06-16,206.71,Tablet,HYE01
1349,2025-06-16,94.33,Keyboard,HYE01
1376,2025-06-16,1181.7,Printer,HYE01
1032,2025-06-16,802.46,Mouse,RUS01
1282,2025-06-16,311.95,Printer,RUS01
1163,2025-06-16,1100.04,Phone,RUS01
1082,2025-06-16,165.03,Tablet,RUS01
1370,2025-06-17,715.7,Printer,RUS01
1258,2025-06-17,220.79,Laptop,RUS01
1343,2025-06-17,355.04,Phone,MUS01
1275,2025-06-17,908.56,Mouse,HYE01
1050,2025-06-17,695.99,Printer,HYE01
1173,2025-06-17,523.15,Printer,MUS01
1192,2025-06-17,573.33,Mouse,HYE01
1270,2025-06-17,111.37,Printer,MUS01
1107,2025-06-17,1184.29,Phone,KGL01
1044,2025-06-17,994.61,Mouse,KGL01
1290,2025-06-17,145.46,Headphones,HYE01
1174,2025-06-17,893.84,Monitor,HYE01
1256,2025-06-17,516.21,Mouse,KGL02
1368,2025-06-17,921.66,Monitor,HYE01
1314,2025-06-17,49.05,Headphones,RUS01
1044,2025-06-17,306.68,Laptop,KGL01
1392,2025-06-17,118.31,Laptop,HYE01
1001,2025-06-17,817.09,Keyboard,KGL01
1150,2025-06-17,604.4,Mouse,KGL01
1289,2025-06-17,1123.94,Laptop,HYE01
1070,2025-06-17,11.95,Mouse,KGL02
1263,2025-06-17,974.04,Keyboard,KGL02
1211,2025-06-17,332.29,Monitor,RUS01
1214,2025-06-18,1017.63,Printer,RUS01
1111,2025-06-18,140.32,Laptop,KGL02
1131,2025-06-18,532.4,Mouse,HYE01
1317,2025-06-18,909.47,Laptop,MUS01
1360,2025-06-18,362.32,Phone,MUS01
1168,2025-06-18,432.03,Keyboard,HYE01
1342,2025-06-18,811.2,Keyboard,KGL02
1220,2025-06-18,210.43,Keyboard,RUS01
1057,2025-06-18,1104.09,Printer,MUS01
1307,2025-06-18,778.66,Tablet,HYE01
1141,2025-06-18,752.75,Phone,HYE01
1316,2025-06-18,571.94,Headphones,MUS01
1227,2025-06-18,933.58,Printer,MUS01
1290,2025-06-18,689.25,Phone,MUS01
1368,2025-06-18,1004.88,Printer,HYE01
1225,2025-06-19,456.99,Printer,RUS01
1157,2025-06-19,864.19,Headphones,KGL01
1379,2025-06-19,92.18,Printer,KGL02
1246,2025-06-19,937.6,Tablet,RUS01
1370,2025-06-19,338.58,Keyboard,MUS01
1188,2025-06-19,290.41,Mouse,KGL01
1020,2025-06-19,559.98,Keyboard,RUS01
1384,2025-06-19,499.86,Mouse,HYE01
1357,2025-06-19,188.55,Phone,MUS01
1026,2025-06-19,15.6,Tablet,RUS01
1310,2025-06-19,49.85,Headphones,RUS01
1332,2025-06-19,990.49,Mouse,KGL01
1008,2025-06-19,391.78,Headphones,MUS01
1315,2025-06-19,117.47,Tablet,KGL02
1388,2025-06-19,648.14,Headphones,RUS01
1253,2025-06-19,554.49,Keyboard,KGL02
1089,2025-06-19,207.74,Tablet,KGL01
1352,2025-06-19,903.1,Tablet,RUS01
1264,2025-06-19,851.38,Phone,HYE01
1145,2025-06-19,552.54,Keyboard,KGL01
1195,2025-06-19,925.66,Printer,KGL01
1329,2025-06-19,391.14,Keyboard,KGL01
1388,2025-06-19,369.42,Tablet,HYE01
1245,2025-06-19,801.6,Headphones,HYE01
1385,2025-06-19,396.65,Mouse,KGL02
1328,2025-06-19,20.15,Printer,KGL02
1060,2025-06-19,921.69,Headphones,RUS01
1332,2025-06-19,900.18,Laptop,KGL01
1351,2025-06-19,993.15,Phone,KGL02
1023,2025-06-20,962.41,Mouse,MUS01
1373,2025-06-20,560.78,Headphones,RUS01
1034,2025-06-20,66.98,Headphones,KGL01
1053,2025-06-20,1009.2,Mouse,RUS01
1069,2025-06-20,802.13,Headphones,MUS01
1104,2025-06-20,1149.63,Keyboard,RUS01
1071,2025-06-20,52.21,Tablet,HYE01
1048,2025-06-20,310.58,Keyboard,MUS01
1281,2025-06-20,876.16,Mouse,KGL01
1005,2025-06-20,40.38,Laptop,KGL02
1028,2025-06-20,962.25,Monitor,KGL02
1097,2025-06-20,1149.93,Mouse,KGL01
1217,2025-06-20,739.65,Laptop,HYE01
1359,2025-06-20,273.18,Laptop,RUS01
1202,2025-06-20,408.71,Printer,MUS01
1227,2025-06-20,1028.32,Keyboard,KGL01
1322,2025-06-20,707.99,Printer,KGL01
1364,2025-06-20,384.64,Phone,HYE01
1284,2025-06-20,75.29,Monitor,KGL01
1362,2025-06-20,501.49,Monitor,RUS01
1172,2025-06-20,855.21,Headphones,KGL01
1189,2025-06-20,906.36,Monitor,RUS01
1375,2025-06-20,296.41,Headphones,KGL01
1381,2025-06-20,563.38,Phone,KGL01
1250,2025-06-20,736.07,Tablet,KGL01
1189,2025-06-20,357.11,Tablet,RUS01
1080,2025-06-20,446.46,Phone,MUS01
1165,2025-06-21,1119.05,Monitor,KGL02
1151,2025-06-21,555.34,Printer,KGL02
1339,2025-06-21,1029.16,Headphones,KGL01
1003,2025-06-21,613.29,Tablet,MUS01
1196,2025-06-21,1064.33,Tablet,HYE01
1302,2025-06-21,1164.17,Keyboard,MUS01
1004,2025-06-21,547.47,Headphones,HYE01
1070,2025-06-21,1062.4,Mouse,MUS01
1293,2025-06-21,340.6,Headphones,MUS01
1183,2025-06-21,273.26,Keyboard,KGL02
1275,2025-06-21,346.77,Mouse,KGL02
1326,2025-06-21,410.22,Headphones,KGL01
1252,2025-06-21,1107.16,Headphones,RUS01
1215,2025-06-21,306.78,Headphones,RUS01
1272,2025-06-21,900.15,Headphones,HYE01
1066,2025-06-21,828.58,Mouse,RUS01
1398,2025-06-21,915.56,Mouse,HYE01
1183,2025-06-21,631.55,Keyboard,MUS01
1363,2025-06-22,670.39,Tablet,RUS01
1141,2025-06-22,265.8,Headphones,KGL02
1279,2025-06-22,1198.9,Tablet,KGL01
1185,2025-06-22,648.0,Monitor,KGL01
1156,2025-06-22,352.54,Laptop,KGL01
1200,2025-06-22,371.13,Laptop,MUS01
1362,2025-06-22,972.47,Tablet,HYE01
1102,2025-06-22,59.04,Mouse,KGL02
1008,2025-06-22,493.06,Laptop,RUS01
1183,2025-06-22,176.26,Laptop,HYE01
1057,2025-06-22,526.59,Printer,RUS01
1380,2025-06-22,1061.54,Keyboard,MUS01
1011,2025-06-22,17.57,Phone,HYE01
1280,2025-06-22,870.63,Phone,KGL02
1086,2025-06-22,496.59,Monitor,KGL01
1366,2025-06-22,961.96,Laptop,HYE01
1058,2025-06-23,576.76,Laptop,HYE01
1323,2025-06-23,473.76,Keyboard,KGL01
1361,2025-06-23,795.6,Tablet,KGL02
1318,2025-06-23,1098.06,Printer,MUS01
1224,2025-06-23,1073.75,Mouse,RUS01
1149,2025-06-23,230.05,Keyboard,KGL02
1178,2025-06-23,1102.38,Keyboard,MUS01
1378,2025-06-23,270.69,Monitor,HYE01
1018,2025-06-23,730.3,Laptop,MUS01
1023,2025-06-23,656.97,Tablet,MUS01
1326,2025-06-23,749.24,Phone,MUS01
1108,2025-06-23,669.26,Keyboard,HYE01
1233,2025-06-23,781.86,Keyboard,KGL01
1284,2025-06-23,1143.0,Printer,RUS01
1012,2025-06-23,333.48,Printer,RUS01
1300,2025-06-23,897.49,Mouse,KGL01
1259,2025-06-23,890.14,Laptop,MUS01
1219,2025-06-23,978.9,Mouse,HYE01
1025,2025-06-23,939.05,Tablet,KGL02
1312,2025-06-24,455.46,Laptop,MUS01
1314,2025-06-24,856.69,Monitor,KGL02
1005,2025-06-24,751.27,Headphones,MUS01
1189,2025-06-24,185.87,Tablet,KGL01
1274,2025-06-24,259.84,Tablet,RUS01
1295,2025-06-24,1157.89,Headphones,KGL02
1374,2025-06-24,840.26,Tablet,KGL02
1254,2025-06-24,825.63,Tablet,KGL01
1378,2025-06-24,516.03,Keyboard,RUS01
1351,2025-06-24,937.4,Tablet,KGL02
1173,2025-06-24,804.37,Phone,MUS01
1116,2025-06-24,1017.02,Keyboard,KGL01
1252,2025-06-24,162.86,Phone,RUS01
1230,2025-06-24,937.81,Monitor,KGL02
1269,2025-06-24,199.24,Laptop,RUS01
1097,2025-06-24,182.39,Printer,HYE01
1130,2025-06-24,480.54,Monitor,KGL02
1007,2025-06-24,363.58,Tablet,MUS01
1393,2025-06-24,1069.43,Monitor,HYE01
1308,2025-06-24,627.28,Keyboard,HYE01
1317,2025-06-25,486.21,Monitor,HYE01
1183,2025-06-25,892.03,Phone,MUS01
1189,2025-06-25,458.28,Monitor,HYE01
1346,2025-06-25,104.52,Laptop,KGL01
1371,2025-06-25,867.87,Phone,KGL01
1095,2025-06-25,509.74,Printer,KGL02
1193,2025-06-25,940.06,Keyboard,HYE01
1181,2025-06-25,1113.67,Laptop,HYE01
1356,2025-06-25,133.1,Laptop,RUS01
1134,2025-06-25,503.83,Laptop,HYE01
1293,2025-06-25,791.63,Headphones,KGL01
1096,2025-06-25,445.08,Laptop,KGL02
1241,2025-06-25,541.02,Printer,KGL01
1395,2025-06-25,1184.14,Laptop,RUS01
1380,2025-06-25,337.77,Headphones,MUS01
1284,2025-06-25,134.36,Laptop,KGL01
1067,2025-06-25,1023.2,Laptop,KGL02
1178,2025-06-25,1094.08,Monitor,KGL02
1193,2025-06-25,446.62,Printer,KGL02
1125,2025-06-25,308.29,Phone,MUS01
1004,2025-06-25,765.29,Phone,RUS01
1013,2025-06-25,707.25,Keyboard,KGL02
1094,2025-06-25,162.86,Monitor,KGL01
1022,2025-06-25,490.49,Phone,HYE01
1156,2025-06-25,695.94,Printer,KGL02
1282,2025-06-25,651.26,Tablet,MUS01
1115,2025-06-25,773.07,Monitor,RUS01
1371,2025-06-25,973.01,Mouse,RUS01
1344,2025-06-25,319.88,Keyboard,HYE01
1046,2025-06-25,618.54,Phone,MUS01
1364,2025-06-25,27.34,Printer,RUS01
1339,2025-06-25,54.23,Printer,MUS01
1346,2025-06-25,968.1,Keyboard,KGL01
1154,2025-06-25,1126.34,Tablet,KGL02
1268,2025-06-26,671.25,Phone,RUS01
1202,2025-06-26,626.52,Monitor,KGL02
1106,2025-06-26,785.5,Keyboard,KGL01
1175,2025-06-26,1014.55,Printer,HYE01
1291,2025-06-26,883.03,Mouse,KGL02
1108,2025-06-26,375.42,Mouse,MUS01
1023,2025-06-26,556.42,Phone,KGL01
1071,2025-06-26,1108.47,Phone,MUS01
1340,2025-06-26,739.41,Headphones,KGL02
1320,2025-06-26,92.72,Phone,KGL01
1309,2025-06-26,518.87,Tablet,MUS01
1040,2025-06-26,704.66,Headphones,RUS01
1121,2025-06-26,382.73,Headphones,HYE01
1223,2025-06-26,211.47,Monitor,MUS01
1208,2025-06-26,24.32,Headphones,RUS01
1069,2025-06-26,1146.64,Mouse,MUS01
1390,2025-06-26,80.18,Phone,RUS01
1065,2025-06-26,1106.69,Monitor,MUS01
1339,2025-06-26,662.32,Monitor,MUS01
1390,2025-06-26,17.16,Laptop,RUS01
1084,2025-06-26,1108.33,Mouse,KGL02
1342,2025-06-26,454.91,Monitor,RUS01
1052,2025-06-27,253.69,Keyboard,KGL01
1084,2025-06-27,1096.3,Headphones,HYE01
1389,2025-06-27,733.46,Printer,RUS01
1277,2025-06-27,548.62,Keyboard,RUS01
1026,2025-06-27,797.12,Tablet,HYE01
1182,2025-06-27,1053.48,Laptop,RUS01
1345,2025-06-27,23.01,Monitor,KGL02
1017,2025-06-27,1071.58,Phone,KGL02
1379,2025-06-27,70.13,Keyboard,MUS01
1397,2025-06-27,354.72,Mouse,KGL01
1010,2025-06-27,47.93,Tablet,RUS01
1045,2025-06-27,259.72,Headphones,KGL01
1031,2025-06-27,816.89,Phone,MUS01
1098,2025-06-27,240.42,Headphones,HYE01
1009,2025-06-27,477.56,Tablet,HYE01
1213,2025-06-27,390.68,Mouse,KGL02
1068,2025-06-27,206.7,Mouse,HYE01
1048,2025-06-27,180.99,Printer,KGL01
1232,2025-06-28,348.28,Mouse,KGL01
1103,2025-06-28,355.53,Mouse,KGL01
1194,2025-06-28,1035.8,Phone,RUS01
1298,2025-06-28,207.01,Monitor,RUS01
1244,2025-06-28,11.46,Mouse,MUS01
1188,2025-06-28,1141.86,Printer,MUS01
1049,2025-06-28,76.41,Printer,KGL01
1369,2025-06-28,807.61,Monitor,RUS01
1095,2025-06-28,662.87,Mouse,RUS01
1365,2025-06-28,65.27,Mouse,RUS01
1053,2025-06-28,1176.76,Laptop,KGL02
1055,2025-06-28,1156.0,Mouse,RUS01
1071,2025-06-28,65.35,Phone,MUS01
1300,2025-06-28,762.38,Keyboard,KGL02
1004,2025-06-28,505.24,Headphones,RUS01
1302,2025-06-28,306.21,Printer,MUS01
1218,2025-06-28,1085.55,Phone,MUS01
1233,2025-06-28,987.67,Keyboard,KGL02
1043,2025-06-28,304.64,Headphones,MUS01
1328,2025-06-28,368.78,Printer,RUS01
1035,2025-06-28,76.66,Headphones,MUS01
1238,2025-06-29,528.71,Laptop,MUS01
1075,2025-06-29,312.06,Tablet,MUS01
1352,2025-06-29,625.02,Keyboard,HYE01
1285,2025-06-29,704.21,Printer,KGL02
1040,2025-06-29,273.86,Headphones,RUS01
1005,2025-06-29,795.81,Mouse,HYE01
1293,2025-06-29,509.02,Mouse,KGL02
1128,2025-06-29,549.34,Laptop,KGL01
1344,2025-06-29,1108.78,Phone,MUS01
1207,2025-06-29,947.25,Tablet,RUS01
1348,2025-06-29,698.83,Laptop,MUS01
1176,2025-06-29,588.44,Tablet,KGL02
1389,2025-06-29,260.0,Mouse,MUS01
1378,2025-06-29,1119.51,Mouse,HYE01
1362,2025-06-29,911.53,Headphones,KGL01
1360,2025-06-29,182.35,Keyboard,KGL01
1207,2025-06-29,362.47,Mouse,HYE01
1324,2025-06-29,58.49,Monitor,KGL01
1069,2025-06-29,671.92,Headphones,MUS01
1048,2025-06-29,515.3,Mouse,RUS01
1280,2025-06-29,895.57,Printer,KGL02
1268,2025-06-29,238.21,Laptop,MUS01
1377,2025-06-29,957.78,Monitor,MUS01
1005,2025-06-29,781.9,Laptop,KGL02
1388,2025-06-29,896.45,Phone,MUS01
1018,2025-06-29,203.86,Phone,MUS01
1131,2025-06-29,229.62,Keyboard,MUS01
1378,2025-06-29,872.5,Tablet,KGL02
1234,2025-06-29,331.61,Laptop,RUS01
1161,2025-06-30,484.16,Phone,RUS01
1193,2025-06-30,1149.83,Headphones,KGL02
1365,2025-06-30,650.4,Mouse,KGL02
1325,2025-06-30,896.04,Headphones,KGL02
1001,2025-06-30,151.08,Headphones,KGL01
1285,2025-06-30,1131.63,Printer,KGL01
1191,2025-06-30,619.71,Monitor,KGL02
1184,2025-06-30,212.59,Mouse,KGL02
1381,2025-06-30,682.42,Headphones,MUS01
1090,2025-06-30,874.56,Phone,MUS01
1079,2025-06-30,215.52,Printer,MUS01
1218,2025-06-30,930.3,Phone,KGL01
1388,2025-06-30,1028.83,Monitor,MUS01
1327,2025-06-30,983.1,Laptop,KGL02
1123,2025-06-30,607.15,Tablet,KGL02
1273,2025-06-30,987.76,Mouse,RUS01
1166,2025-06-30,1009.04,Laptop,MUS01
1175,2025-07-01,514.62,Monitor,HYE01
1002,2025-07-01,938.78,Printer,KGL01
1208,2025-07-01,433.97,Monitor,HYE01
1198,2025-07-01,69.26,Phone,KGL01
1264,2025-07-01,1132.53,Tablet,HYE01
1348,2025-07-01,987.52,Keyboard,RUS01
1319,2025-07-01,1181.46,Keyboard,HYE01
1093,2025-07-01,347.54,Mouse,KGL01
1059,2025-07-01,433.86,Mouse,RUS01
1021,2025-07-01,1049.3,Mouse,KGL01
1399,2025-07-01,464.64,Monitor,MUS01
1398,2025-07-01,975.12,Monitor,HYE01
1005,2025-07-01,1072.88,Keyboard,MUS01
1259,2025-07-01,1149.54,Keyboard,MUS01
1197,2025-07-01,810.32,Headphones,KGL02
1286,2025-07-01,1198.95,Monitor,RUS01
1232,2025-07-01,560.82,Mouse,KGL01
1050,2025-07-01,98.15,Headphones,HYE01
1099,2025-07-01,245.31,Headphones,HYE01
1041,2025-07-01,807.99,Tablet,MUS01
1334,2025-07-02,1042.55,Monitor,HYE01
1116,2025-07-02,951.37,Keyboard,RUS01
1128,2025-07-02,621.08,Monitor,MUS01
1388,2025-07-02,133.18,Keyboard,HYE01
1328,2025-07-02,216.32,Monitor,RUS01
1017,2025-07-02,801.78,Laptop,KGL01
1247,2025-07-02,711.66,Monitor,HYE01
1245,2025-07-02,245.82,Tablet,KGL01
1332,2025-07-02,310.31,Monitor,MUS01
1021,2025-07-02,479.88,Monitor,MUS01
1364,2025-07-02,93.09,Headphones,KGL02
1175,2025-07-02,75.6,Phone,KGL02
1154,2025-07-02,168.6,Phone,KGL01
1185,2025-07-02,1042.49,Headphones,KGL02
1126,2025-07-02,1152.58,Phone,KGL02
1060,2025-07-02,406.79,Phone,KGL02
1089,2025-07-02,861.36,Mouse,HYE01
1314,2025-07-02,215.88,Headphones,KGL02
1289,2025-07-02,759.05,Tablet,KGL01
1199,2025-07-02,682.31,Tablet,HYE01
1171,2025-07-02,276.13,Phone,HYE01
1007,2025-07-02,660.39,Keyboard,HYE01
1111,2025-07-02,499.94,Keyboard,KGL02
1114,2025-07-02,36.23,Mouse,RUS01
1180,2025-07-02,243.57,Printer,HYE01
1326,2025-07-02,134.84,Printer,HYE01
1384,2025-07-02,939.45,Printer,KGL01
1216,2025-07-02,963.59,Laptop,RUS01
1357,2025-07-02,1021.48,Keyboard,HYE01
1307,2025-07-02,1064.54,Laptop,MUS01
1104,2025-07-02,347.96,Tablet,KGL01
1198,2025-07-02,657.15,Tablet,KGL01
1358,2025-07-02,762.74,Tablet,KGL01
1354,2025-07-02,871.77,Monitor,HYE01
1218,2025-07-02,1050.28,Phone,KGL02
1290,2025-07-02,760.02,Printer,HYE01
1159,2025-07-03,430.05,Mouse,HYE01
1380,2025-07-03,716.29,Printer,HYE01
1214,2025-07-03,824.9,Phone,RUS01
1065,2025-07-03,413.97,Monitor,HYE01
1366,2025-07-03,1049.04,Printer,MUS01
1316,2025-07-03,207.99,Monitor,KGL01
1266,2025-07-03,778.47,Monitor,HYE01
1240,2025-07-03,766.56,Phone,HYE01
1004,2025-07-03,976.86,Laptop,MUS01
1068,2025-07-03,612.58,Keyboard,HYE01
1285,2025-07-03,102.43,Mouse,MUS01
1382,2025-07-03,942.85,Monitor,MUS01
1379,2025-07-03,394.14,Headphones,HYE01
1216,2025-07-03,1138.91,Tablet,MUS01
1217,2025-07-03,483.06,Phone,HYE01
1379,2025-07-03,598.64,Keyboard,HYE01
1368,2025-07-03,196.75,Mouse,MUS01
1099,2025-07-04,795.42,Monitor,MUS01
1146,2025-07-04,382.79,Phone,HYE01
1326,2025-07-04,182.0,Tablet,KGL02
1238,2025-07-04,723.03,Headphones,HYE01
1294,2025-07-04,29.37,Keyboard,HYE01
1094,2025-07-04,377.18,Monitor,RUS01
1362,2025-07-04,564.97,Mouse,KGL01
1112,2025-07-04,549.47,Tablet,KGL01
1170,2025-07-04,733.75,Mouse,MUS01
1102,2025-07-04,776.18,Monitor,RUS01
1240,2025-07-04,175.2,Phone,HYE01
1161,2025-07-04,983.27,Headphones,HYE01
1104,2025-07-04,560.72,Tablet,KGL01
1052,2025-07-04,1130.53,Printer,HYE01
1105,2025-07-04,1134.52,Mouse,MUS01
1290,2025-07-04,324.95,Monitor,KGL01
1390,2025-07-04,29.97,Mouse,KGL01
1395,2025-07-04,631.9,Keyboard,KGL02
1298,2025-07-04,790.47,Keyboard,RUS01
1315,2025-07-04,882.27,Keyboard,MUS01
1183,2025-07-04,143.48,Tablet,MUS01
1068,2025-07-04,345.74,Phone,KGL01
1054,2025-07-04,974.81,Keyboard,MUS01
1269,2025-07-04,189.63,Printer,MUS01
1154,2025-07-04,27.3,Keyboard,MUS01
1227,2025-07-04,597.05,Phone,KGL02
1277,2025-07-04,717.14,Phone,KGL02
1008,2025-07-05,38.33,Monitor,KGL02
1324,2025-07-05,354.04,Headphones,KGL02
1101,2025-07-05,1134.11,Headphones,RUS01
1003,2025-07-05,938.74,Tablet,HYE01
1298,2025-07-05,698.84,Headphones,KGL01
1242,2025-07-05,353.73,Laptop,KGL01
1399,2025-07-05,693.02,Tablet,RUS01
1060,2025-07-05,910.8,Mouse,RUS01
1202,2025-07-05,639.74,Printer,KGL01
1081,2025-07-05,187.79,Monitor,RUS01
1350,2025-07-05,201.16,Laptop,MUS01
1265,2025-07-05,709.1,Headphones,KGL01
1169,2025-07-05,105.08,Monitor,MUS01
1289,2025-07-05,768.93,Tablet,RUS01
1353,2025-07-05,1144.67,Headphones,KGL01
1099,2025-07-05,820.12,Laptop,MUS01
1168,2025-07-05,611.78,Mouse,KGL01
1374,2025-07-06,405.76,Monitor,MUS01
1236,2025-07-06,1110.37,Phone,KGL01
1314,2025-07-06,465.84,Keyboard,KGL01
1016,2025-07-06,455.34,Headphones,KGL02
1344,2025-07-06,642.34,Keyboard,MUS01
1295,2025-07-06,239.6,Tablet,HYE01
1033,2025-07-06,246.56,Mouse,KGL01
1127,2025-07-06,813.46,Phone,RUS01
1359,2025-07-06,841.81,Keyboard,KGL02
1347,2025-07-06,1116.26,Keyboard,HYE01
1278,2025-07-06,297.25,Printer,MUS01
1067,2025-07-06,1140.76,Laptop,KGL01
1024,2025-07-06,922.04,Monitor,KGL01
1355,2025-07-06,61.29,Phone,MUS01
1362,2025-07-06,1073.61,Tablet,RUS01
1374,2025-07-06,652.78,Phone,RUS01
1251,2025-07-06,413.35,Printer,RUS01
1308,2025-07-06,960.78,Tablet,KGL01
1081,2025-07-06,523.4,Tablet,HYE01
1194,2025-07-06,165.04,Laptop,KGL02
1318,2025-07-06,159.13,Headphones,HYE01
1315,2025-07-06,146.22,Phone,HYE01
1127,2025-07-06,293.43,Laptop,HYE01
1184,2025-07-06,982.26,Monitor,RUS01
1215,2025-07-06,398.12,Keyboard,KGL02
1193,2025-07-06,950.75,Mouse,KGL02
1267,2025-07-06,1169.88,Mouse,KGL01
1235,2025-07-06,449.73,Monitor,RUS01
1086,2025-07-06,412.02,Phone,MUS01
1284,2025-07-06,768.7,Laptop,KGL01
1222,2025-07-06,92.34,Monitor,HYE01
1056,2025-07-07,295.49,Mouse,MUS01
1124,2025-07-07,557.65,Mouse,RUS01
1382,2025-07-07,606.2,Printer,KGL02
1280,2025-07-07,836.12,Phone,HYE01
1260,2025-07-07,642.37,Mouse,RUS01
1064,2025-07-07,127.86,Monitor,KGL02
1186,2025-07-07,420.25,Headphones,HYE01
1398,2025-07-07,1139.45,Monitor,KGL02
1196,2025-07-07,603.1,Mouse,RUS01
1051,2025-07-07,1067.24,Keyboard,KGL02
1293,2025-07-07,237.16,Headphones,MUS01
1243,2025-07-07,511.4,Mouse,MUS01
1254,2025-07-07,249.43,Keyboard,MUS01
1315,2025-07-07,998.29,Keyboard,KGL01
1017,2025-07-07,200.08,Keyboard,HYE01
1075,2025-07-07,364.4,Tablet,KGL01
1084,2025-07-07,762.44,Mouse,MUS01
1218,2025-07-07,802.1,Tablet,MUS01
1097,2025-07-08,385.15,Printer,MUS01
1091,2025-07-08,1096.05,Printer,HYE01
1152,2025-07-08,989.76,Tablet,RUS01
1291,2025-07-08,329.6,Laptop,HYE01
1327,2025-07-08,529.54,Headphones,HYE01
1206,2025-07-08,1185.57,Monitor,RUS01
1169,2025-07-08,884.69,Phone,MUS01
1350,2025-07-08,1155.29,Headphones,HYE01
1137,2025-07-08,856.53,Headphones,RUS01
1379,2025-07-08,164.9,Mouse,KGL01
1056,2025-07-08,295.78,Keyboard,HYE01
1152,2025-07-08,808.29,Keyboard,KGL01
1074,2025-07-08,21.21,Monitor,KGL01
1158,2025-07-08,1181.01,Laptop,HYE01
1025,2025-07-08,871.2,Headphones,KGL01
1080,2025-07-09,917.36,Laptop,HYE01
1392,2025-07-09,86.32,Monitor,HYE01
1315,2025-07-09,334.3,Monitor,MUS01
1101,2025-07-09,797.13,Laptop,HYE01
1023,2025-07-09,1160.31,Phone,KGL02
1310,2025-07-09,348.82,Laptop,KGL01
1226,2025-07-09,409.8,Laptop,KGL02
1399,2025-07-09,755.87,Monitor,KGL02
1339,2025-07-09,756.16,Tablet,MUS01
1344,2025-07-09,1020.74,Monitor,MUS01
1165,2025-07-09,781.07,Mouse,MUS01
1084,2025-07-09,865.18,Laptop,RUS01
1087,2025-07-09,178.71,Laptop,RUS01
1032,2025-07-09,1177.68,Tablet,RUS01
1268,2025-07-09,182.22,Monitor,KGL01
1254,2025-07-09,397.1,Headphones,MUS01
1024,2025-07-09,136.54,Monitor,KGL02
1252,2025-07-09,163.23,Headphones,MUS01
1368,2025-07-09,807.14,Mouse,RUS01
1390,2025-07-09,832.33,Keyboard,KGL01
1379,2025-07-10,581.46,Phone,KGL01
1004,2025-07-10,941.61,Headphones,KGL01
1063,2025-07-10,776.87,Phone,KGL02
1005,2025-07-10,1103.27,Keyboard,MUS01
1082,2025-07-10,697.49,Tablet,KGL01
1237,2025-07-10,283.39,Mouse,RUS01
1213,2025-07-10,986.46,Headphones,KGL01
1053,2025-07-10,32.89,Printer,KGL02
1329,2025-07-10,443.75,Headphones,KGL01
1034,2025-07-10,83.27,Printer,HYE01
1065,2025-07-10,777.19,Laptop,KGL02
1192,2025-07-10,730.7,Phone,HYE01
1099,2025-07-10,69.69,Monitor,MUS01
1081,2025-07-10,842.12,Headphones,RUS01
1069,2025-07-10,1165.86,Phone,MUS01
1151,2025-07-10,393.75,Monitor,KGL02
1304,2025-07-10,1147.09,Phone,MUS01
1228,2025-07-10,891.91,Phone,RUS01
1196,2025-07-10,81.73,Keyboard,KGL02
1002,2025-07-10,1131.78,Tablet,MUS01
1273,2025-07-10,741.43,Tablet,HYE01
1090,2025-07-10,866.3,Tablet,KGL02
1053,2025-07-10,1104.34,Keyboard,KGL01
1315,2025-07-10,141.08,Headphones,KGL02
1163,2025-07-10,933.9,Headphones,KGL01
1337,2025-07-10,785.32,Headphones,KGL01
1365,2025-07-11,965.52,Monitor,KGL02
1272,2025-07-11,314.68,Laptop,KGL02
1001,2025-07-11,863.83,Phone,RUS01
1253,2025-07-11,524.2,Phone,RUS01
1081,2025-07-11,473.7,Mouse,KGL02
1110,2025-07-11,934.77,Keyboard,MUS01
1129,2025-07-11,1164.87,Tablet,KGL01
1388,2025-07-11,490.26,Tablet,KGL01
1270,2025-07-11,817.98,Mouse,KGL01
1237,2025-07-11,1042.83,Keyboard,HYE01
1054,2025-07-11,551.82,Phone,HYE01
1027,2025-07-11,575.68,Keyboard,MUS01
1325,2025-07-11,964.84,Headphones,KGL01
1346,2025-07-11,157.06,Laptop,MUS01
1151,2025-07-11,917.16,Phone,KGL02
1257,2025-07-11,681.79,Mouse,KGL01
1092,2025-07-11,519.81,Phone,KGL01
1192,2025-07-11,619.21,Monitor,MUS01
1094,2025-07-11,87.23,Monitor,KGL01
1007,2025-07-11,679.52,Keyboard,MUS01
1139,2025-07-11,363.63,Printer,KGL02
1103,2025-07-11,540.55,Keyboard,KGL02
1372,2025-07-11,673.69,Laptop,RUS01
1381,2025-07-11,1176.06,Phone,RUS01
1074,2025-07-11,87.43,Keyboard,HYE01
1015,2025-07-12,724.87,Laptop,KGL01
1360,2025-07-12,292.21,Mouse,HYE01
1134,2025-07-12,167.97,Mouse,MUS01
1192,2025-07-12,643.74,Phone,RUS01
1235,2025-07-12,540.75,Laptop,KGL02
1310,2025-07-12,1012.44,Monitor,MUS01
1080,2025-07-12,208.55,Tablet,MUS01
1236,2025-07-12,164.73,Headphones,HYE01
1248,2025-07-12,565.87,Laptop,RUS01
1034,2025-07-12,869.71,Tablet,MUS01
1220,2025-07-12,552.22,Monitor,HYE01
1057,2025-07-12,103.98,Keyboard,HYE01
1324,2025-07-12,634.72,Keyboard,HYE01
1108,2025-07-12,1059.26,Monitor,HYE01
1196,2025-07-12,924.48,Keyboard,HYE01
1057,2025-07-12,234.56,Tablet,RUS01
1340,2025-07-12,243.22,Keyboard,MUS01
1058,2025-07-12,212.92,Monitor,KGL01
1195,2025-07-12,560.25,Tablet,RUS01
1002,2025-07-12,249.9,Laptop,KGL01
1394,2025-07-12,83.99,Monitor,KGL02
1238,2025-07-12,176.77,Tablet,HYE01
1259,2025-07-12,348.73,Phone,RUS01
1140,2025-07-13,594.1,Mouse,RUS01
1009,2025-07-13,1115.73,Phone,KGL01
1091,2025-07-13,661.7,Headphones,MUS01
1163,2025-07-13,427.3,Tablet,KGL01
1123,2025-07-13,597.24,Headphones,RUS01
1357,2025-07-13,48.97,Keyboard,RUS01
1357,2025-07-13,219.88,Keyboard,HYE01
1036,2025-07-13,455.37,Keyboard,HYE01
1250,2025-07-13,1066.16,Tablet,RUS01
1003,2025-07-13,93.47,Keyboard,KGL02
1276,2025-07-13,480.89,Mouse,KGL01
1389,2025-07-13,209.53,Printer,MUS01
1218,2025-07-13,171.28,Printer,HYE01
1171,2025-07-13,580.52,Keyboard,KGL02
1065,2025-07-13,1021.56,Keyboard,KGL02
1318,2025-07-13,130.41,Mouse,KGL01
1336,2025-07-14,67.61,Tablet,RUS01
1028,2025-07-14,1099.65,Phone,KGL02
1096,2025-07-14,841.02,Headphones,MUS01
1177,2025-07-14,1176.82,Phone,RUS01
1134,2025-07-14,633.63,Laptop,KGL02
1374,2025-07-14,1084.9,Printer,KGL02
1118,2025-07-14,782.09,Phone,KGL02
1304,2025-07-14,1102.82,Laptop,RUS01
1028,2025-07-14,788.63,Phone,KGL02
1325,2025-07-14,300.91,Keyboard,KGL02
1224,2025-07-14,163.01,Mouse,MUS01
1360,2025-07-14,1139.52,Tablet,KGL01
1163,2025-07-14,960.39,Phone,HYE01
1364,2025-07-14,670.05,Phone,KGL01
1016,2025-07-14,1171.58,Monitor,KGL01
1031,2025-07-14,433.68,Tablet,MUS01
1262,2025-07-14,594.25,Printer,HYE01
1181,2025-07-14,261.26,Printer,KGL01
1066,2025-07-14,19.37,Keyboard,KGL01
1317,2025-07-14,228.13,Tablet,RUS01
1330,2025-07-14,177.23,Keyboard,KGL02
1316,2025-07-14,395.59,Mouse,HYE01
1311,2025-07-14,516.67,Tablet,KGL01
1306,2025-07-14,564.09,Phone,KGL01
1333,2025-07-15,486.04,Mouse,RUS01
1310,2025-07-15,566.1,Keyboard,KGL01
1106,2025-07-15,1096.64,Phone,MUS01
1132,2025-07-15,820.71,Tablet,KGL02
1238,2025-07-15,606.15,Printer,RUS01
1039,2025-07-15,115.68,Tablet,KGL02
1082,2025-07-15,660.91,Printer,RUS01
1216,2025-07-15,674.07,Mouse,KGL01
1019,2025-07-15,746.96,Keyboard,KGL01
1282,2025-07-15,450.68,Laptop,HYE01
1141,2025-07-15,1125.28,Printer,HYE01
1394,2025-07-15,664.8,Printer,RUS01
1346,2025-07-15,485.59,Headphones,KGL01
1082,2025-07-15,133.22,Printer,RUS01
1147,2025-07-16,187.68,Laptop,RUS01
1251,2025-07-16,958.4,Phone,RUS01
1084,2025-07-16,1189.45,Tablet,RUS01
1289,2025-07-16,1042.53,Printer,RUS01
1305,2025-07-16,444.74,Tablet,HYE01
1395,2025-07-16,558.88,Laptop,MUS01
1369,2025-07-16,41.71,Printer,KGL01
1301,2025-07-16,629.7,Mouse,KGL01
1261,2025-07-16,462.32,Keyboard,MUS01
1239,2025-07-16,1101.87,Monitor,KGL02
1089,2025-07-16,663.34,Printer,KGL01
1021,2025-07-16,591.61,Mouse,MUS01
1242,2025-07-16,1098.83,Tablet,KGL02
1224,2025-07-16,737.61,Headphones,MUS01
1018,2025-07-16,186.24,Laptop,RUS01
1374,2025-07-16,888.31,Mouse,HYE01
1395,2025-07-16,919.13,Keyboard,KGL01
1068,2025-07-16,518.15,Printer,RUS01
1037,2025-07-17,122.88,Keyboard,RUS01
1229,2025-07-17,736.45,Laptop,MUS01
1224,2025-07-17,444.7,Keyboard,RUS01
1349,2025-07-17,181.97,Phone,MUS01
1200,2025-07-17,651.57,Tablet,KGL02
1343,2025-07-17,654.42,Headphones,KGL01
1298,2025-07-17,585.93,Monitor,MUS01
1111,2025-07-17,862.86,Printer,RUS01
1255,2025-07-17,299.01,Phone,HYE01
1187,2025-07-17,581.8,Mouse,KGL01
1135,2025-07-17,483.72,Keyboard,MUS01
1043,2025-07-17,654.16,Mouse,HYE01
1165,2025-07-17,718.71,Printer,KGL01
1140,2025-07-17,909.99,Keyboard,MUS01
1329,2025-07-17,513.44,Tablet,RUS01
1248,2025-07-17,840.87,Monitor,RUS01
1167,2025-07-17,855.1,Headphones,HYE01
1296,2025-07-17,708.17,Keyboard,MUS01
1249,2025-07-17,208.24,Monitor,MUS01
1302,2025-07-17,188.15,Keyboard,RUS01
1355,2025-07-18,35.34,Phone,KGL02
1397,2025-07-18,551.05,Headphones,RUS01
1165,2025-07-18,312.93,Headphones,MUS01
1032,2025-07-18,789.48,Monitor,RUS01
1391,2025-07-18,899.21,Monitor,MUS01
1298,2025-07-18,885.99,Monitor,KGL02
1234,2025-07-18,1088.88,Keyboard,RUS01
1014,2025-07-18,542.34,Keyboard,KGL02
1174,2025-07-18,372.34,Headphones,KGL01
1386,2025-07-18,1166.56,Printer,KGL01
1139,2025-07-18,108.68,Keyboard,KGL01
1223,2025-07-18,240.95,Phone,KGL02
1353,2025-07-18,814.8,Laptop,RUS01
1096,2025-07-18,354.44,Laptop,RUS01
1201,2025-07-18,636.56,Keyboard,MUS01
1058,2025-07-18,223.06,Keyboard,RUS01
1297,2025-07-18,477.93,Headphones,KGL02
1026,2025-07-18,788.92,Laptop,HYE01
1210,2025-07-18,395.24,Laptop,KGL01
1362,2025-07-18,483.1,Phone,KGL01
1133,2025-07-18,213.84,Monitor,HYE01
1131,2025-07-18,1049.53,Headphones,KGL02
1000,2025-07-18,607.07,Keyboard,HYE01
1064,2025-07-18,502.2,Mouse,KGL01
1167,2025-07-18,196.23,Keyboard,MUS01
1318,2025-07-19,1009.51,Headphones,KGL01
1134,2025-07-19,625.88,Phone,KGL02
1268,2025-07-19,123.25,Keyboard,RUS01
1377,2025-07-19,762.11,Laptop,MUS01
1207,2025-07-19,685.16,Mouse,KGL01
1230,2025-07-19,498.5,Mouse,MUS01
1103,2025-07-19,926.9,Phone,KGL02
1071,2025-07-19,900.63,Monitor,HYE01
1009,2025-07-19,427.33,Monitor,KGL01
1285,2025-07-19,1159.43,Mouse,HYE01
1150,2025-07-19,562.63,Laptop,MUS01
1362,2025-07-19,626.46,Monitor,KGL02
1321,2025-07-19,461.07,Tablet,HYE01
1294,2025-07-19,18.9,Keyboard,KGL02
1071,2025-07-19,882.11,Tablet,HYE01
1286,2025-07-19,499.23,Monitor,KGL02
1020,2025-07-19,390.1,Laptop,MUS01
1280,2025-07-19,450.08,Laptop,MUS01
1037,2025-07-19,148.85,Monitor,KGL01
1047,2025-07-19,240.57,Monitor,HYE01
1078,2025-07-19,909.26,Laptop,HYE01
1352,2025-07-19,1056.63,Laptop,MUS01
1324,2025-07-20,586.69,Monitor,MUS01
1081,2025-07-20,790.41,Keyboard,RUS01
1123,2025-07-20,417.41,Tablet,KGL01
1016,2025-07-20,43.96,Monitor,KGL02
1026,2025-07-20,1065.02,Phone,HYE01
1072,2025-07-20,932.92,Tablet,MUS01
1034,2025-07-20,1171.9,Monitor,MUS01
1104,2025-07-20,988.25,Keyboard,KGL02
1187,2025-07-20,1000.52,Keyboard,KGL01
1178,2025-07-20,419.57,Mouse,KGL02
1262,2025-07-20,1065.21,Printer,RUS01
1082,2025-07-20,424.77,Mouse,RUS01
1041,2025-07-20,841.98,Mouse,HYE01
1205,2025-07-20,136.89,Keyboard,RUS01
1257,2025-07-21,386.6,Printer,KGL02
1185,2025-07-21,864.97,Tablet,RUS01
1293,2025-07-21,1153.01,Laptop,HYE01
1303,2025-07-21,449.72,Laptop,MUS01
1307,2025-07-21,562.76,Headphones,MUS01
1273,2025-07-21,890.14,Tablet,KGL02
1311,2025-07-21,533.01,Tablet,HYE01
1109,2025-07-21,348.86,Laptop,HYE01
1128,2025-07-21,74.37,Printer,MUS01
1143,2025-07-21,562.18,Keyboard,KGL02
1049,2025-07-21,352.5,Mouse,HYE01
1144,2025-07-21,635.56,Tablet,KGL01
1294,2025-07-21,800.08,Printer,HYE01
1242,2025-07-21,498.04,Monitor,KGL01
1389,2025-07-21,872.65,Headphones,MUS01
1260,2025-07-21,1003.87,Mouse,KGL02
1136,2025-07-21,143.33,Phone,HYE01
1253,2025-07-21,707.07,Monitor,KGL02
1079,2025-07-21,713.73,Laptop,MUS01
1234,2025-07-21,1189.42,Printer,RUS01
1305,2025-07-21,1194.47,Tablet,HYE01
1038,2025-07-21,1075.91,Monitor,HYE01
1244,2025-07-21,1101.26,Mouse,HYE01
1234,2025-07-22,120.43,Mouse,KGL01
1163,2025-07-22,591.49,Phone,KGL02
1244,2025-07-22,660.25,Mouse,MUS01
1325,2025-07-22,1173.07,Headphones,RUS01
1393,2025-07-22,172.97,Mouse,MUS01
1061,2025-07-22,1025.68,Tablet,KGL01
1111,2025-07-22,492.57,Printer,RUS01
1114,2025-07-22,944.03,Keyboard,KGL02
1047,2025-07-22,1099.49,Phone,RUS01
1348,2025-07-22,172.41,Headphones,KGL02
1177,2025-07-22,88.82,Phone,KGL01
1321,2025-07-22,615.36,Printer,KGL01
1263,2025-07-22,892.83,Phone,RUS01
1343,2025-07-22,709.25,Phone,MUS01
1049,2025-07-22,1071.94,Keyboard,RUS01
1233,2025-07-22,755.51,Headphones,HYE01
1375,2025-07-22,511.52,Headphones,KGL01
1387,2025-07-22,1057.92,Headphones,RUS01
1238,2025-07-22,324.62,Tablet,KGL01
1199,2025-07-22,451.0,Printer,RUS01
1093,2025-07-22,574.25,Headphones,MUS01
1214,2025-07-23,346.0,Monitor,KGL01
1155,2025-07-23,1063.21,Tablet,HYE01
1192,2025-07-23,319.97,Monitor,HYE01
1170,2025-07-23,801.79,Laptop,KGL01
1187,2025-07-23,353.42,Laptop,HYE01
1350,2025-07-23,1042.85,Tablet,MUS01
1254,2025-07-23,924.61,Mouse,MUS01
1006,2025-07-23,750.08,Tablet,HYE01
1075,2025-07-23,1153.25,Mouse,KGL01
1199,2025-07-23,214.32,Phone,MUS01
1151,2025-07-23,334.2,Tablet,KGL01
1295,2025-07-23,453.77,Monitor,HYE01
1153,2025-07-23,675.61,Keyboard,KGL01
1302,2025-07-23,419.43,Laptop,KGL01
1322,2025-07-23,501.49,Keyboard,HYE01
1303,2025-07-23,657.87,Monitor,RUS01
1044,2025-07-23,699.38,Monitor,HYE01
1058,2025-07-23,1002.88,Laptop,KGL01
1399,2025-07-23,847.76,Mouse,KGL02
1194,2025-07-23,365.06,Laptop,KGL02
1129,2025-07-23,1053.53,Phone,RUS01
1199,2025-07-23,856.88,Monitor,RUS01
1280,2025-07-23,350.06,Phone,MUS01
1311,2025-07-23,1064.34,Keyboard,RUS01
1039,2025-07-24,15.08,Tablet,HYE01
1149,2025-07-24,1175.66,Printer,RUS01
1309,2025-07-24,353.73,Laptop,RUS01
1311,2025-07-24,126.26,Phone,KGL02
1217,2025-07-24,482.47,Monitor,RUS01
1243,2025-07-24,1098.8,Tablet,HYE01
1089,2025-07-24,919.7,Phone,KGL01
1172,2025-07-24,565.14,Tablet,KGL01
1125,2025-07-24,1182.18,Mouse,HYE01
1195,2025-07-24,1006.51,Printer,KGL01
1385,2025-07-24,426.55,Keyboard,KGL02
1391,2025-07-24,842.66,Laptop,HYE01
1299,2025-07-24,1092.57,Phone,MUS01
1064,2025-07-24,356.26,Printer,HYE01
1257,2025-07-24,324.65,Keyboard,KGL02
1145,2025-07-24,749.94,Laptop,RUS01
1159,2025-07-24,652.45,Monitor,KGL02
1272,2025-07-24,306.53,Monitor,HYE01
1353,2025-07-24,587.07,Laptop,RUS01
1119,2025-07-24,856.39,Phone,HYE01
1352,2025-07-24,864.38,Monitor,HYE01
1331,2025-07-24,742.43,Tablet,RUS01
1331,2025-07-25,905.71,Monitor,KGL01
1341,2025-07-25,215.09,Keyboard,KGL01
1304,2025-07-25,188.7,Laptop,KGL01
1086,2025-07-25,538.87,Headphones,KGL02
1297,2025-07-25,258.06,Laptop,MUS01
1242,2025-07-25,267.25,Monitor,MUS01
1304,2025-07-25,1154.36,Printer,MUS01
1400,2025-07-25,619.33,Tablet,RUS01
1037,2025-07-25,240.79,Printer,RUS01
1022,2025-07-25,1151.08,Phone,HYE01
1002,2025-07-25,899.89,Mouse,KGL02
1298,2025-07-25,1019.28,Phone,HYE01
1001,2025-07-25,1097.71,Keyboard,MUS01
1035,2025-07-25,995.95,Laptop,HYE01
1367,2025-07-25,643.85,Mouse,RUS01
1068,2025-07-25,684.75,Keyboard,KGL01
1089,2025-07-25,1137.29,Phone,HYE01
1074,2025-07-25,752.72,Phone,KGL01
1313,2025-07-25,361.14,Tablet,HYE01
1093,2025-07-25,523.54,Phone,KGL02
1328,2025-07-25,735.82,Printer,RUS01
1186,2025-07-25,1008.27,Mouse,RUS01
1233,2025-07-25,1123.05,Tablet,KGL01
1103,2025-07-26,970.6,Headphones,RUS01
1218,2025-07-26,380.75,Keyboard,MUS01
1369,2025-07-26,1036.45,Tablet,RUS01
1175,2025-07-26,518.05,Monitor,KGL01
1041,2025-07-26,965.86,Monitor,RUS01
1149,2025-07-26,440.6,Mouse,KGL01
1056,2025-07-26,443.34,Headphones,KGL01
1199,2025-07-26,1012.69,Phone,HYE01
1181,2025-07-26,87.5,Headphones,MUS01
1393,2025-07-26,972.75,Mouse,MUS01
1319,2025-07-26,671.14,Printer,KGL01
1287,2025-07-26,149.07,Mouse,RUS01
1033,2025-07-26,952.49,Headphones,RUS01
1206,2025-07-26,112.92,Headphones,RUS01
1176,2025-07-26,809.5,Tablet,MUS01
1272,2025-07-26,985.91,Keyboard,RUS01
1190,2025-07-26,178.85,Printer,MUS01
1258,2025-07-26,623.62,Mouse,HYE01
1340,2025-07-26,225.73,Phone,HYE01
1283,2025-07-26,233.55,Printer,KGL02
1326,2025-07-26,191.48,Headphones,KGL01
1117,2025-07-26,539.56,Phone,KGL01
1367,2025-07-26,1119.12,Printer,RUS01
1324,2025-07-27,340.92,Phone,KGL01
1132,2025-07-27,877.44,Tablet,KGL02
1273,2025-07-27,877.9,Monitor,MUS01
1148,2025-07-27,287.72,Laptop,RUS01
1179,2025-07-27,1112.98,Headphones,MUS01
1148,2025-07-27,704.31,Mouse,HYE01
1274,2025-07-27,476.42,Printer,KGL02
1377,2025-07-27,466.03,Printer,HYE01
1106,2025-07-27,865.79,Printer,HYE01
1042,2025-07-27,785.62,Mouse,RUS01
1107,2025-07-27,953.68,Monitor,KGL01
1355,2025-07-27,561.03,Tablet,MUS01
1185,2025-07-27,622.36,Keyboard,RUS01
1131,2025-07-27,59.34,Tablet,HYE01
1079,2025-07-27,488.39,Laptop,HYE01
1009,2025-07-27,86.52,Keyboard,KGL02
1223,2025-07-27,613.98,Keyboard,KGL02
1347,2025-07-27,205.88,Laptop,KGL01
1347,2025-07-27,646.99,Phone,KGL02
1038,2025-07-27,332.96,Keyboard,KGL01
1072,2025-07-27,538.44,Headphones,RUS01
1235,2025-07-27,921.05,Headphones,HYE01
1110,2025-07-27,904.77,Phone,MUS01
1247,2025-07-27,929.67,Tablet,MUS01
1279,2025-07-27,423.29,Laptop,MUS01
1108,2025-07-27,987.68,Keyboard,RUS01
1345,2025-07-27,1143.67,Tablet,RUS01
1048,2025-07-27,1123.05,Printer,KGL02
1100,2025-07-28,756.24,Headphones,HYE01
1014,2025-07-28,1085.31,Printer,HYE01
1144,2025-07-28,1155.07,Keyboard,RUS01
1082,2025-07-28,185.12,Phone,KGL01
1266,2025-07-28,954.74,Mouse,RUS01
1311,2025-07-28,182.0,Phone,HYE01
1087,2025-07-28,263.64,Headphones,KGL01
1345,2025-07-28,399.33,Phone,MUS01
1163,2025-07-28,1094.49,Printer,MUS01
1268,2025-07-28,1158.66,Headphones,HYE01
1352,2025-07-28,597.46,Headphones,KGL01
1024,2025-07-28,365.44,Headphones,RUS01
1212,2025-07-28,451.9,Mouse,HYE01
1327,2025-07-28,882.57,Mouse,HYE01
1233,2025-07-28,580.1,Mouse,KGL01
1187,2025-07-28,739.97,Mouse,MUS01
1168,2025-07-28,956.77,Laptop,KGL02
1133,2025-07-28,747.55,Phone,MUS01
1365,2025-07-29,158.62,Mouse,RUS01
1118,2025-07-29,1000.43,Printer,MUS01
1292,2025-07-29,247.54,Printer,MUS01
1156,2025-07-29,225.2,Laptop,KGL02
1005,2025-07-29,578.95,Laptop,MUS01
1128,2025-07-29,999.23,Phone,MUS01
1340,2025-07-29,251.05,Keyboard,KGL01
1074,2025-07-29,372.88,Tablet,MUS01
1257,2025-07-29,666.65,Laptop,MUS01
1319,2025-07-29,602.12,Printer,KGL02
1088,2025-07-29,325.06,Monitor,MUS01
1062,2025-07-29,1126.04,Keyboard,KGL01
1269,2025-07-29,665.63,Tablet,MUS01
1278,2025-07-29,859.35,Mouse,KGL01
1272,2025-07-29,319.98,Keyboard,MUS01
1014,2025-07-29,378.19,Mouse,RUS01
1130,2025-07-29,1132.24,Keyboard,HYE01
1172,2025-07-29,58.19,Keyboard,KGL01
1279,2025-07-29,605.63,Laptop,RUS01
1350,2025-07-29,933.87,Laptop,RUS01
1055,2025-07-29,57.96,Phone,MUS01
1275,2025-07-29,173.87,Keyboard,KGL01
1072,2025-07-29,21.52,Laptop,KGL01
1286,2025-07-29,777.04,Headphones,MUS01
1353,2025-07-29,180.86,Headphones,HYE01
1272,2025-07-29,1195.01,Mouse,HYE01
1273,2025-07-29,876.69,Keyboard,HYE01
1155,2025-07-30,551.47,Tablet,RUS01
1015,2025-07-30,1061.97,Monitor,MUS01
1398,2025-07-30,180.47,Tablet,KGL02
1125,2025-07-30,34.55,Laptop,RUS01
1249,2025-07-30,1107.92,Keyboard,MUS01
1189,2025-07-30,453.21,Laptop,HYE01
1063,2025-07-30,917.69,Headphones,RUS01
1027,2025-07-30,804.7,Tablet,MUS01
1314,2025-07-30,1038.95,Mouse,KGL02
1220,2025-07-30,1081.65,Laptop,KGL02
1003,2025-07-30,671.85,Monitor,RUS01
1247,2025-07-30,582.87,Printer,KGL01
1068,2025-07-30,1021.75,Tablet,KGL02
1149,2025-07-30,607.78,Printer,RUS01
1363,2025-07-30,239.31,Keyboard,KGL02
1316,2025-07-30,217.56,Laptop,KGL02
1010,2025-07-30,851.97,Printer,HYE01
1022,2025-07-30,1007.98,Mouse,MUS01
1065,2025-07-30,320.97,Keyboard,HYE01
1002,2025-07-30,328.62,Keyboard,HYE01
1319,2025-07-30,223.99,Monitor,MUS01
1020,2025-07-30,519.89,Headphones,KGL02
1173,2025-07-30,1178.77,Keyboard,HYE01
1334,2025-07-31,736.23,Mouse,KGL02
1110,2025-07-31,747.88,Laptop,HYE01
1364,2025-07-31,158.47,Keyboard,HYE01
1017,2025-07-31,158.37,Monitor,KGL01
1004,2025-07-31,746.56,Headphones,HYE01
1273,2025-07-31,341.83,Phone,RUS01
1037,2025-07-31,255.17,Laptop,KGL02
1201,2025-07-31,46.26,Tablet,MUS01
1280,2025-07-31,470.06,Headphones,KGL02
1268,2025-07-31,396.67,Monitor,RUS01
1204,2025-07-31,986.85,Monitor,KGL01
1167,2025-07-31,933.95,Tablet,RUS01
1195,2025-07-31,1015.14,Headphones,KGL02
1302,2025-07-31,1132.82,Mouse,RUS01
1331,2025-07-31,1125.41,Headphones,KGL02
1080,2025-07-31,806.98,Tablet,MUS01
1180,2025-07-31,1068.75,Mouse,HYE01
1316,2025-07-31,710.59,Phone,KGL02
1081,2025-07-31,859.39,Phone,MUS01
1299,2025-07-31,603.58,Keyboard,MUS01
1157,2025-07-31,1041.59,Printer,KGL01
1253,2025-07-31,839.99,Printer,HYE01
1164,2025-08-01,1072.62,Mouse,KGL02
1348,2025-08-01,845.31,Headphones,KGL01
1263,2025-08-01,354.81,Keyboard,RUS01
1226,2025-08-01,720.56,Headphones,KGL01
1377,2025-08-01,1024.15,Keyboard,HYE01
1362,2025-08-01,878.06,Phone,KGL01
1174,2025-08-01,432.73,Monitor,HYE01
1374,2025-08-01,282.97,Mouse,HYE01
1257,2025-08-01,556.55,Laptop,MUS01
1201,2025-08-01,952.11,Tablet,MUS01
1130,2025-08-01,558.35,Printer,KGL01
1036,2025-08-01,1076.32,Printer,RUS01
1207,2025-08-01,198.95,Phone,HYE01
1216,2025-08-01,730.59,Headphones,KGL02
1318,2025-08-01,477.13,Printer,KGL02
1099,2025-08-01,607.72,Printer,MUS01
1203,2025-08-01,875.56,Phone,KGL01
1018,2025-08-01,151.7,Laptop,KGL01
1194,2025-08-01,392.29,Printer,RUS01
1299,2025-08-01,637.52,Monitor,KGL01
1397,2025-08-02,302.06,Keyboard,KGL01
1304,2025-08-02,1146.75,Phone,RUS01
1061,2025-08-02,787.44,Tablet,HYE01
1078,2025-08-02,1162.53,Laptop,HYE01
1227,2025-08-02,958.95,Keyboard,MUS01
1075,2025-08-02,304.56,Printer,KGL01
1056,2025-08-02,259.11,Laptop,KGL02
1367,2025-08-02,885.55,Keyboard,RUS01
1352,2025-08-02,889.18,Printer,MUS01
1223,2025-08-02,784.86,Laptop,KGL01
1386,2025-08-02,1058.92,Phone,KGL02
1036,2025-08-02,1154.89,Keyboard,HYE01
1181,2025-08-02,47.38,Monitor,KGL02
1277,2025-08-02,769.36,Phone,KGL02
1281,2025-08-02,314.99,Monitor,RUS01
1266,2025-08-02,561.13,Printer,HYE01
1146,2025-08-02,210.49,Keyboard,HYE01
1295,2025-08-02,196.3,Printer,RUS01
1071,2025-08-02,441.83,Tablet,RUS01
1010,2025-08-02,425.33,Tablet,KGL01
1241,2025-08-02,926.21,Printer,MUS01
1194,2025-08-02,1068.21,Monitor,RUS01
1160,2025-08-02,249.6,Laptop,HYE01
1236,2025-08-02,880.67,Mouse,KGL01
1053,2025-08-02,806.76,Keyboard,HYE01
1345,2025-08-03,971.48,Mouse,KGL02
1152,2025-08-03,474.01,Printer,RUS01
1262,2025-08-03,841.16,Printer,MUS01
1033,2025-08-03,1132.71,Keyboard,KGL02
1168,2025-08-03,221.39,Printer,KGL01
1382,2025-08-03,1020.72,Phone,KGL01
1175,2025-08-03,806.64,Laptop,RUS01
1377,2025-08-03,1004.21,Mouse,KGL02
1118,2025-08-03,22.69,Tablet,KGL01
1137,2025-08-03,902.92,Laptop,KGL01
1067,2025-08-03,298.33,Tablet,KGL02
1301,2025-08-03,539.33,Keyboard,HYE01
1324,2025-08-03,925.4,Monitor,KGL01
1117,2025-08-03,925.1,Mouse,KGL01
1280,2025-08-03,1031.09,Monitor,RUS01
1339,2025-08-03,1026.61,Phone,HYE01
1201,2025-08-03,78.87,Mouse,KGL02
1384,2025-08-03,1145.46,Tablet,KGL01
1254,2025-08-03,655.94,Tablet,KGL01
1215,2025-08-03,364.95,Mouse,RUS01
1189,2025-08-03,321.8,Laptop,KGL01
1341,2025-08-03,1040.22,Tablet,RUS01
1237,2025-08-03,713.02,Headphones,KGL02
1188,2025-08-03,680.92,Monitor,RUS01
1130,2025-08-03,129.82,Mouse,HYE01
1336,2025-08-04,611.58,Printer,RUS01
1178,2025-08-04,1146.4,Keyboard,HYE01
1102,2025-08-04,1163.29,Headphones,MUS01
1114,2025-08-04,402.66,Phone,MUS01
1274,2025-08-04,648.48,Monitor,KGL01
1114,2025-08-04,17.28,Tablet,KGL02
1207,2025-08-04,1143.7,Mouse,MUS01
1279,2025-08-04,343.21,Headphones,RUS01
1339,2025-08-04,1140.23,Headphones,RUS01
1053,2025-08-04,105.78,Keyboard,RUS01
1094,2025-08-04,540.6,Mouse,KGL01
1069,2025-08-04,1172.01,Headphones,KGL01
1285,2025-08-04,1169.08,Mouse,HYE01
1206,2025-08-04,401.82,Phone,KGL01
1010,2025-08-04,952.45,Keyboard,KGL01
1021,2025-08-04,678.65,Monitor,RUS01
1138,2025-08-04,413.92,Monitor,KGL01
1389,2025-08-04,1114.51,Headphones,MUS01
1346,2025-08-04,549.66,Keyboard,KGL02
1352,2025-08-04,1156.87,Printer,RUS01
1309,2025-08-05,702.66,Keyboard,KGL01
1349,2025-08-05,1168.55,Laptop,MUS01
1279,2025-08-05,89.32,Printer,KGL01
1272,2025-08-05,528.48,Monitor,KGL01
1312,2025-08-05,143.1,Monitor,HYE01
1035,2025-08-05,739.23,Phone,KGL01
1235,2025-08-05,259.27,Printer,KGL02
1338,2025-08-05,1150.38,Mouse,KGL01
1292,2025-08-05,17.3,Headphones,MUS01
1045,2025-08-05,287.63,Headphones,KGL01
1162,2025-08-05,584.37,Keyboard,KGL01
1389,2025-08-05,534.43,Printer,KGL02
1256,2025-08-05,538.05,Tablet,KGL02
1379,2025-08-05,1124.14,Laptop,KGL01
1036,2025-08-05,215.1,Keyboard,KGL02
1299,2025-08-05,655.75,Headphones,KGL02
1294,2025-08-05,873.49,Monitor,MUS01
1228,2025-08-05,38.6,Keyboard,KGL01
1398,2025-08-05,1156.36,Keyboard,KGL02
1154,2025-08-05,157.57,Headphones,MUS01
1082,2025-08-06,430.82,Headphones,RUS01
1222,2025-08-06,456.24,Phone,HYE01
1296,2025-08-06,676.35,Tablet,KGL01
1104,2025-08-06,52.94,Tablet,MUS01
1387,2025-08-06,1008.24,Mouse,MUS01
1182,2025-08-06,629.95,Keyboard,MUS01
1042,2025-08-06,805.17,Headphones,RUS01
1110,2025-08-06,882.91,Tablet,KGL01
1033,2025-08-06,639.22,Headphones,KGL02
1399,2025-08-06,290.38,Headphones,KGL02
1188,2025-08-06,1137.69,Headphones,KGL02
1270,2025-08-06,703.65,Keyboard,HYE01
1327,2025-08-06,661.7,Laptop,RUS01
1125,2025-08-06,985.07,Headphones,RUS01
1192,2025-08-06,1035.65,Headphones,KGL02
1048,2025-08-06,689.19,Headphones,KGL02
1170,2025-08-06,641.71,Mouse,MUS01
1331,2025-08-06,1030.94,Printer,HYE01
1263,2025-08-06,893.72,Keyboard,KGL02
1172,2025-08-06,317.09,Printer,KGL02
1264,2025-08-06,644.39,Printer,KGL01
1299,2025-08-06,216.57,Headphones,MUS01
1024,2025-08-06,369.7,Monitor,KGL02
1283,2025-08-06,823.41,Monitor,KGL02
1313,2025-08-06,1156.99,Tablet,HYE01
1350,2025-08-07,346.79,Headphones,KGL02
1400,2025-08-07,1190.33,Phone,HYE01
1319,2025-08-07,963.44,Monitor,HYE01
1270,2025-08-07,31.57,Headphones,MUS01
1134,2025-08-07,448.72,Phone,RUS01
1377,2025-08-07,370.39,Laptop,MUS01
1400,2025-08-07,578.11,Headphones,RUS01
1226,2025-08-07,1074.36,Phone,RUS01
1072,2025-08-07,383.53,Printer,KGL02
1274,2025-08-07,73.9,Phone,HYE01
1130,2025-08-07,1075.84,Monitor,MUS01
1273,2025-08-07,47.42,Monitor,RUS01
1073,2025-08-07,31.69,Mouse,KGL01
1203,2025-08-07,34.15,Headphones,KGL02
1105,2025-08-07,641.56,Tablet,HYE01
1076,2025-08-07,908.08,Laptop,HYE01
1367,2025-08-07,709.19,Monitor,KGL02
1326,2025-08-07,295.7,Printer,KGL02
1244,2025-08-07,341.34,Phone,KGL01
1197,2025-08-07,199.02,Printer,HYE01
1042,2025-08-07,391.67,Keyboard,HYE01
1114,2025-08-08,111.29,Tablet,RUS01
1042,2025-08-08,1004.09,Printer,KGL01
1281,2025-08-08,627.61,Keyboard,RUS01
1339,2025-08-08,390.64,Phone,HYE01
1003,2025-08-08,1054.96,Phone,KGL02
1259,2025-08-08,583.53,Laptop,HYE01
1028,2025-08-08,515.34,Mouse,KGL02
1273,2025-08-08,213.12,Printer,KGL01
1056,2025-08-08,1034.25,Phone,KGL02
1172,2025-08-08,321.86,Printer,KGL01
1203,2025-08-08,433.5,Mouse,MUS01
1383,2025-08-08,413.44,Headphones,HYE01
1179,2025-08-08,542.34,Mouse,KGL01
1234,2025-08-08,1192.37,Laptop,RUS01
1080,2025-08-08,185.33,Phone,RUS01
1227,2025-08-08,1162.52,Laptop,HYE01
1086,2025-08-09,647.75,Tablet,HYE01
1024,2025-08-09,169.26,Laptop,MUS01
1326,2025-08-09,910.2,Laptop,KGL01
1044,2025-08-09,516.47,Printer,KGL01
1132,2025-08-09,787.74,Tablet,KGL02
1045,2025-08-09,807.32,Headphones,KGL02
1182,2025-08-09,571.01,Laptop,HYE01
1039,2025-08-09,247.53,Laptop,KGL02
1036,2025-08-09,337.36,Monitor,KGL01
1352,2025-08-09,976.34,Mouse,RUS01
1051,2025-08-09,35.44,Headphones,MUS01
1227,2025-08-09,451.53,Keyboard,KGL01
1399,2025-08-09,90.32,Keyboard,KGL02
1070,2025-08-09,982.39,Mouse,KGL02
1150,2025-08-09,635.37,Monitor,RUS01
1137,2025-08-10,631.49,Laptop,HYE01
1184,2025-08-10,526.68,Mouse,RUS01
1238,2025-08-10,908.1,Printer,MUS01
1010,2025-08-10,669.49,Phone,HYE01
1188,2025-08-10,907.88,Printer,KGL01
1119,2025-08-10,1070.39,Headphones,KGL02
1072,2025-08-10,124.11,Keyboard,KGL02
1043,2025-08-10,301.15,Tablet,HYE01
1197,2025-08-10,271.21,Phone,RUS01
1250,2025-08-10,624.4,Phone,KGL01
1084,2025-08-10,96.9,Monitor,KGL01
1311,2025-08-10,913.89,Tablet,KGL01
1204,2025-08-10,85.44,Keyboard,KGL01
1389,2025-08-10,358.21,Mouse,RUS01
1169,2025-08-10,948.6,Laptop,KGL02
1125,2025-08-10,314.01,Monitor,HYE01
1012,2025-08-10,98.78,Monitor,RUS01
1244,2025-08-10,969.72,Phone,RUS01
1059,2025-08-10,919.94,Tablet,KGL01
1384,2025-08-10,82.4,Keyboard,RUS01
1311,2025-08-10,959.04,Monitor,KGL01
1285,2025-08-10,706.41,Phone,HYE01
1054,2025-08-10,421.97,Tablet,HYE01
1042,2025-08-10,649.05,Tablet,RUS01
1112,2025-08-10,1133.13,Printer,KGL02
1326,2025-08-10,804.47,Tablet,HYE01
1249,2025-08-11,865.36,Headphones,KGL02
1130,2025-08-11,700.23,Keyboard,HYE01
1166,2025-08-11,123.09,Mouse,KGL01
1262,2025-08-11,885.98,Mouse,RUS01
1195,2025-08-11,1087.03,Laptop,KGL01
1146,2025-08-11,1028.3,Tablet,KGL01
1124,2025-08-11,599.31,Monitor,RUS01
1323,2025-08-11,264.17,Phone,MUS01
1311,2025-08-11,214.95,Monitor,RUS01
1279,2025-08-11,824.5,Printer,RUS01
1391,2025-08-11,706.08,Phone,MUS01
1095,2025-08-11,15.82,Keyboard,RUS01
1157,2025-08-11,528.37,Keyboard,RUS01
1014,2025-08-11,902.33,Mouse,KGL01
1317,2025-08-11,805.45,Printer,KGL01
1115,2025-08-11,497.01,Laptop,MUS01
1113,2025-08-11,491.48,Headphones,RUS01
1300,2025-08-11,423.69,Mouse,KGL02
1136,2025-08-11,848.72,Monitor,RUS01
1263,2025-08-11,766.57,Headphones,MUS01
1133,2025-08-11,200.29,Headphones,RUS01
1148,2025-08-12,745.49,Tablet,HYE01
1282,2025-08-12,40.74,Headphones,MUS01
1131,2025-08-12,1032.14,Keyboard,RUS01
1203,2025-08-12,1156.99,Tablet,MUS01
1215,2025-08-12,930.31,Keyboard,KGL02
1122,2025-08-12,1136.19,Keyboard,KGL01
1054,2025-08-12,828.3,Monitor,HYE01
1113,2025-08-12,587.76,Phone,HYE01
1099,2025-08-12,318.27,Tablet,RUS01
1380,2025-08-12,846.07,Keyboard,KGL02
1116,2025-08-12,266.39,Phone,MUS01
1323,2025-08-12,723.23,Keyboard,HYE01
1249,2025-08-12,271.58,Tablet,HYE01
1010,2025-08-12,40.63,Monitor,RUS01
1020,2025-08-12,1051.2,Keyboard,KGL01
1206,2025-08-12,73.99,Tablet,RUS01
1034,2025-08-12,39.12,Laptop,RUS01
1217,2025-08-12,666.68,Laptop,KGL02
1037,2025-08-13,220.49,Headphones,RUS01
1379,2025-08-13,916.97,Phone,KGL01
1063,2025-08-13,290.57,Laptop,RUS01
1010,2025-08-13,69.77,Tablet,MUS01
1233,2025-08-13,651.79,Phone,KGL02
1277,2025-08-13,1163.08,Keyboard,MUS01
1233,2025-08-13,726.63,Printer,KGL01
1304,2025-08-13,1069.87,Laptop,KGL02
1080,2025-08-13,775.28,Mouse,RUS01
1367,2025-08-13,1076.58,Printer,KGL02
1029,2025-08-13,908.88,Phone,RUS01
1326,2025-08-13,389.35,Headphones,HYE01
1119,2025-08-13,833.87,Phone,MUS01
1152,2025-08-13,970.01,Printer,KGL02
1291,2025-08-13,1182.56,Printer,RUS01
1361,2025-08-13,612.26,Monitor,MUS01
1134,2025-08-13,820.44,Keyboard,KGL01
1102,2025-08-13,414.76,Printer,RUS01
1026,2025-08-13,316.33,Mouse,MUS01
1285,2025-08-13,403.1,Keyboard,KGL01
1265,2025-08-13,1172.29,Tablet,KGL01
1380,2025-08-13,435.32,Laptop,KGL02
1045,2025-08-13,1195.09,Printer,KGL01
1116,2025-08-13,61.36,Headphones,KGL02
1255,2025-08-13,498.34,Keyboard,MUS01
1238,2025-08-13,1002.99,Printer,MUS01
1264,2025-08-13,411.85,Laptop,KGL01
1029,2025-08-13,1177.17,Mouse,KGL01
1239,2025-08-13,1010.76,Monitor,MUS01
1334,2025-08-14,1099.82,Tablet,KGL02
1377,2025-08-14,322.86,Printer,RUS01
1374,2025-08-14,941.55,Phone,KGL02
1008,2025-08-14,34.43,Laptop,KGL02
1162,2025-08-14,782.92,Printer,KGL02
1084,2025-08-14,1024.52,Phone,KGL02
1142,2025-08-14,495.9,Printer,RUS01
1081,2025-08-14,353.16,Tablet,HYE01
1041,2025-08-15,460.15,Headphones,RUS01
1121,2025-08-15,619.15,Laptop,HYE01
1362,2025-08-15,884.53,Phone,HYE01
1399,2025-08-15,429.03,Monitor,KGL02
1072,2025-08-15,784.02,Mouse,MUS01
1262,2025-08-15,455.99,Tablet,RUS01
1090,2025-08-15,1053.01,Printer,MUS01
1234,2025-08-15,209.86,Headphones,KGL01
1070,2025-08-15,552.8,Keyboard,KGL01
1167,2025-08-15,509.39,Monitor,MUS01
1103,2025-08-15,708.72,Phone,KGL02
1145,2025-08-15,856.23,Laptop,KGL01
1398,2025-08-15,638.58,Monitor,RUS01
1229,2025-08-15,697.82,Printer,HYE01
1210,2025-08-15,919.57,Keyboard,HYE01
1334,2025-08-15,814.66,Monitor,HYE01
1379,2025-08-15,658.82,Laptop,KGL01
1033,2025-08-15,250.67,Mouse,KGL01
1174,2025-08-15,1090.54,Headphones,KGL02
1244,2025-08-15,340.87,Phone,KGL01
1291,2025-08-15,756.9,Mouse,RUS01
1094,2025-08-15,484.52,Tablet,KGL02
1031,2025-08-15,321.75,Mouse,RUS01
1033,2025-08-15,137.93,Keyboard,KGL01
1091,2025-08-15,219.24,Monitor,RUS01
1380,2025-08-15,1107.24,Tablet,RUS01
1223,2025-08-15,341.44,Tablet,KGL02
1348,2025-08-16,856.98,Printer,KGL02
1191,2025-08-16,330.91,Mouse,HYE01
1295,2025-08-16,983.43,Tablet,MUS01
1243,2025-08-16,618.44,Laptop,RUS01
1217,2025-08-16,416.52,Monitor,MUS01
1257,2025-08-16,374.59,Headphones,HYE01
1183,2025-08-16,866.66,Tablet,KGL01
1367,2025-08-16,1101.49,Monitor,KGL01
1207,2025-08-16,960.6,Mouse,HYE01
1214,2025-08-16,547.0,Laptop,HYE01
1028,2025-08-16,913.75,Headphones,KGL01
1180,2025-08-16,790.89,Headphones,MUS01
1339,2025-08-16,879.39,Printer,MUS01
1178,2025-08-16,112.41,Laptop,RUS01
1063,2025-08-16,1132.37,Printer,KGL02
1224,2025-08-16,601.6,Tablet,MUS01
1048,2025-08-16,725.08,Printer,KGL01
1020,2025-08-17,111.69,Monitor,KGL02
1243,2025-08-17,781.18,Phone,KGL02
1208,2025-08-17,404.41,Printer,KGL01
1143,2025-08-17,535.92,Mouse,HYE01
1338,2025-08-17,701.27,Keyboard,RUS01
1082,2025-08-17,354.97,Mouse,HYE01
1304,2025-08-17,137.87,Mouse,RUS01
1112,2025-08-17,1107.76,Tablet,HYE01
1279,2025-08-17,555.67,Monitor,MUS01
1312,2025-08-17,277.84,Keyboard,KGL01
1145,2025-08-17,1006.38,Headphones,RUS01
1078,2025-08-17,626.01,Mouse,KGL02
1286,2025-08-17,321.92,Phone,KGL02
1210,2025-08-17,786.29,Phone,HYE01
1106,2025-08-17,630.11,Keyboard,HYE01
1130,2025-08-17,311.68,Mouse,HYE01
1264,2025-08-17,777.66,Laptop,MUS01
1178,2025-08-17,608.69,Mouse,MUS01
1006,2025-08-17,413.99,Laptop,HYE01
1145,2025-08-17,399.79,Keyboard,HYE01
1049,2025-08-17,386.58,Keyboard,KGL02
1002,2025-08-17,1048.74,Keyboard,MUS01
1076,2025-08-17,119.2,Mouse,HYE01
1119,2025-08-18,1102.03,Keyboard,RUS01
1186,2025-08-18,899.34,Keyboard,RUS01
1196,2025-08-18,15.34,Keyboard,MUS01
1058,2025-08-18,866.61,Headphones,HYE01
1357,2025-08-18,930.31,Headphones,KGL01
1278,2025-08-18,43.27,Tablet,RUS01
1361,2025-08-18,706.77,Laptop,HYE01
1370,2025-08-18,560.58,Mouse,KGL02
1286,2025-08-18,1178.35,Keyboard,KGL01
1108,2025-08-18,98.93,Keyboard,KGL02
1132,2025-08-18,1185.95,Phone,RUS01
1094,2025-08-18,1057.66,Phone,KGL01
1069,2025-08-18,1020.07,Tablet,MUS01
1121,2025-08-18,1048.45,Keyboard,KGL02
1240,2025-08-18,949.8,Monitor,MUS01
1145,2025-08-18,579.59,Keyboard,HYE01
1252,2025-08-19,975.2,Headphones,KGL01
1044,2025-08-19,551.9,Printer,KGL01
1141,2025-08-19,558.37,Mouse,HYE01
1273,2025-08-19,447.25,Printer,KGL02
1225,2025-08-19,687.91,Phone,KGL02
1357,2025-08-19,934.42,Phone,HYE01
1147,2025-08-19,726.24,Phone,MUS01
1367,2025-08-19,477.29,Printer,HYE01
1213,2025-08-19,290.45,Monitor,KGL01
1107,2025-08-19,65.34,Phone,KGL02
1109,2025-08-19,802.61,Printer,HYE01
1119,2025-08-19,823.8,Keyboard,KGL02
1084,2025-08-19,177.33,Mouse,HYE01
1255,2025-08-19,185.66,Laptop,KGL01
1165,2025-08-19,639.6,Printer,HYE01
1027,2025-08-19,752.35,Mouse,MUS01
1268,2025-08-19,375.95,Mouse,KGL01
1171,2025-08-19,795.9,Phone,MUS01
1176,2025-08-19,1067.42,Keyboard,MUS01
1088,2025-08-20,488.37,Mouse,MUS01
1139,2025-08-20,1121.29,Mouse,KGL02
1326,2025-08-20,1154.44,Laptop,RUS01
1110,2025-08-20,671.58,Phone,RUS01
1029,2025-08-20,1087.75,Monitor,KGL01
1251,2025-08-20,921.17,Phone,KGL02
1329,2025-08-20,421.37,Keyboard,HYE01
1151,2025-08-20,610.42,Headphones,HYE01
1191,2025-08-20,56.17,Keyboard,MUS01
1334,2025-08-20,935.4,Printer,RUS01
1152,2025-08-20,213.1,Mouse,RUS01
1203,2025-08-20,17.84,Laptop,HYE01
1198,2025-08-20,746.34,Printer,KGL02
1379,2025-08-20,703.32,Headphones,KGL02
1341,2025-08-20,725.1,Headphones,HYE01
1273,2025-08-20,722.29,Keyboard,RUS01
1133,2025-08-20,912.18,Mouse,MUS01
1191,2025-08-20,655.22,Mouse,RUS01
1382,2025-08-20,1092.79,Monitor,MUS01
1320,2025-08-20,1048.99,Tablet,HYE01
1054,2025-08-20,1120.68,Headphones,KGL01
1103,2025-08-20,661.14,Printer,KGL02
1111,2025-08-20,728.02,Headphones,KGL02
1365,2025-08-20,287.1,Mouse,HYE01
1126,2025-08-20,645.57,Keyboard,HYE01
1232,2025-08-20,438.57,Printer,MUS01
1260,2025-08-20,1166.56,Keyboard,RUS01
1148,2025-08-20,374.0,Laptop,KGL02
1048,2025-08-20,132.25,Mouse,MUS01
1312,2025-08-20,252.24,Keyboard,MUS01
1022,2025-08-20,68.44,Laptop,HYE01
1231,2025-08-21,332.35,Phone,KGL02
1394,2025-08-21,86.38,Mouse,KGL02
1284,2025-08-21,863.03,Printer,KGL02
1227,2025-08-21,722.28,Mouse,RUS01
1365,2025-08-21,1086.73,Tablet,MUS01
1025,2025-08-21,318.81,Monitor,HYE01
1096,2025-08-21,445.12,Phone,RUS01
1343,2025-08-21,397.46,Laptop,RUS01
1305,2025-08-21,285.71,Monitor,RUS01
1107,2025-08-21,806.53,Keyboard,KGL02
1062,2025-08-21,617.49,Printer,KGL02
1138,2025-08-21,812.51,Laptop,HYE01
1236,2025-08-21,963.89,Mouse,HYE01
1149,2025-08-21,848.52,Keyboard,KGL02
1050,2025-08-21,140.95,Printer,MUS01
1020,2025-08-21,827.07,Keyboard,KGL02
1397,2025-08-21,162.73,Monitor,KGL02
1217,2025-08-21,1114.64,Phone,RUS01
1160,2025-08-21,894.31,Mouse,HYE01
1079,2025-08-22,173.15,Keyboard,KGL01
1311,2025-08-22,739.62,Printer,HYE01
1004,2025-08-22,874.8,Mouse,HYE01
1267,2025-08-22,456.76,Headphones,HYE01
1323,2025-08-22,22.79,Mouse,HYE01
1132,2025-08-22,1124.8,Laptop,KGL02
1275,2025-08-22,455.17,Headphones,HYE01
1382,2025-08-22,889.35,Phone,RUS01
1326,2025-08-22,956.71,Laptop,KGL01
1005,2025-08-22,797.51,Monitor,HYE01
1367,2025-08-22,64.03,Tablet,RUS01
1040,2025-08-22,819.24,Printer,KGL02
1124,2025-08-22,710.82,Headphones,KGL02
1167,2025-08-22,1113.01,Mouse,RUS01
1279,2025-08-22,1102.65,Laptop,RUS01
1244,2025-08-22,690.57,Tablet,HYE01
1242,2025-08-23,700.58,Phone,MUS01
1075,2025-08-23,631.12,Keyboard,KGL01
1201,2025-08-23,13.76,Mouse,KGL01
1108,2025-08-23,427.34,Headphones,KGL01
1314,2025-08-23,917.77,Printer,KGL01
1250,2025-08-23,300.0,Laptop,RUS01
1230,2025-08-23,15.26,Tablet,RUS01
1298,2025-08-23,554.53,Mouse,HYE01
1276,2025-08-23,267.11,Phone,KGL02
1028,2025-08-23,218.99,Keyboard,KGL01
1236,2025-08-23,757.67,Headphones,MUS01
1163,2025-08-23,788.36,Laptop,RUS01
1312,2025-08-23,171.63,Phone,KGL01
1249,2025-08-23,842.24,Tablet,HYE01
1389,2025-08-23,1083.04,Printer,HYE01
1069,2025-08-23,788.19,Phone,HYE01
1344,2025-08-23,273.4,Laptop,KGL01
1034,2025-08-23,624.72,Phone,KGL02
1094,2025-08-24,202.09,Printer,KGL01
1045,2025-08-24,1018.34,Printer,RUS01
1334,2025-08-24,347.68,Headphones,HYE01
1029,2025-08-24,38.2,Laptop,RUS01
1281,2025-08-24,941.05,Tablet,KGL01
1377,2025-08-24,64.52,Mouse,KGL02
1134,2025-08-24,904.13,Mouse,HYE01
1053,2025-08-24,577.27,Tablet,HYE01
1144,2025-08-24,355.27,Keyboard,RUS01
1230,2025-08-24,1018.71,Printer,KGL02
1365,2025-08-24,939.87,Keyboard,KGL01
1109,2025-08-24,1109.2,Headphones,KGL01
1277,2025-08-24,864.69,Keyboard,HYE01
1295,2025-08-24,900.55,Phone,KGL01
1184,2025-08-24,780.57,Mouse,MUS01
1216,2025-08-24,843.56,Printer,MUS01
1339,2025-08-24,629.38,Tablet,KGL01
1230,2025-08-24,633.76,Keyboard,MUS01
1400,2025-08-24,496.35,Tablet,RUS01
1318,2025-08-24,727.62,Keyboard,RUS01
1120,2025-08-24,1118.96,Printer,KGL01
1181,2025-08-24,853.28,Phone,KGL01
1340,2025-08-24,179.36,Keyboard,HYE01
1364,2025-08-24,599.46,Headphones,KGL01
1142,2025-08-24,525.68,Headphones,KGL02
1114,2025-08-24,249.81,Headphones,MUS01
1299,2025-08-24,622.51,Mouse,HYE01
1300,2025-08-25,1127.91,Printer,MUS01
1334,2025-08-25,52.45,Keyboard,KGL02
1282,2025-08-25,309.0,Keyboard,KGL01
1285,2025-08-25,516.97,Keyboard,RUS01
1332,2025-08-25,775.89,Headphones,KGL01
1272,2025-08-25,278.63,Laptop,KGL02
1103,2025-08-25,1083.61,Mouse,RUS01
1059,2025-08-25,1055.73,Tablet,MUS01
1118,2025-08-25,687.27,Headphones,KGL02
1340,2025-08-25,642.54,Tablet,HYE01
1352,2025-08-25,205.71,Monitor,HYE01
1337,2025-08-25,808.66,Monitor,RUS01
1017,2025-08-25,891.07,Phone,KGL02
1076,2025-08-25,948.46,Laptop,RUS01
1004,2025-08-25,805.2,Laptop,RUS01
1094,2025-08-25,998.02,Printer,MUS01
1390,2025-08-25,269.6,Phone,KGL02
1202,2025-08-25,138.05,Tablet,KGL02
1106,2025-08-25,805.22,Laptop,MUS01
1147,2025-08-25,649.43,Keyboard,KGL01
1112,2025-08-25,108.34,Tablet,RUS01
1172,2025-08-25,1025.56,Tablet,HYE01
1176,2025-08-26,369.3,Mouse,RUS01
1224,2025-08-26,1167.85,Headphones,RUS01
1282,2025-08-26,647.37,Printer,KGL01
1088,2025-08-26,669.18,Keyboard,HYE01
1053,2025-08-26,759.38,Tablet,KGL02
1087,2025-08-26,837.95,Keyboard,KGL02
1157,2025-08-26,181.71,Keyboard,HYE01
1164,2025-08-26,221.77,Monitor,KGL01
1038,2025-08-26,403.0,Keyboard,MUS01
1378,2025-08-26,969.02,Phone,MUS01
1381,2025-08-26,331.33,Tablet,HYE01
1186,2025-08-26,1168.25,Phone,HYE01
1045,2025-08-26,547.33,Tablet,HYE01
1009,2025-08-26,1040.41,Laptop,RUS01
1185,2025-08-26,476.16,Printer,MUS01
1037,2025-08-26,313.34,Mouse,RUS01
1098,2025-08-26,860.83,Keyboard,RUS01
1256,2025-08-26,1064.11,Keyboard,KGL01
1332,2025-08-26,864.9,Headphones,MUS01
1166,2025-08-26,1111.98,Monitor,MUS01
1018,2025-08-26,811.53,Tablet,MUS01
1023,2025-08-26,1051.98,Monitor,KGL02
1305,2025-08-27,262.45,Phone,KGL01
1228,2025-08-27,200.31,Tablet,HYE01
1116,2025-08-27,1031.61,Printer,RUS01
1183,2025-08-27,1142.64,Printer,KGL02
1340,2025-08-27,648.21,Headphones,RUS01
1234,2025-08-27,1084.53,Tablet,KGL01
1361,2025-08-27,720.62,Phone,RUS01
1272,2025-08-27,342.46,Printer,RUS01
1181,2025-08-27,1042.98,Keyboard,HYE01
1264,2025-08-27,97.5,Monitor,HYE01
1064,2025-08-27,393.91,Keyboard,KGL02
1341,2025-08-27,604.01,Mouse,KGL02
1307,2025-08-27,1095.95,Monitor,MUS01
1243,2025-08-27,1124.07,Tablet,KGL01
1368,2025-08-27,173.41,Laptop,HYE01
1090,2025-08-27,163.71,Tablet,HYE01
1048,2025-08-27,673.03,Tablet,MUS01
1300,2025-08-27,534.97,Printer,RUS01
1121,2025-08-28,59.78,Printer,MUS01
1061,2025-08-28,781.05,Mouse,KGL01
1139,2025-08-28,580.18,Monitor,KGL01
1316,2025-08-28,568.23,Printer,MUS01
1188,2025-08-28,873.8,Headphones,KGL01
1346,2025-08-28,147.13,Printer,KGL01
1083,2025-08-28,49.38,Tablet,KGL01
1142,2025-08-28,57.59,Phone,HYE01
1321,2025-08-28,324.59,Mouse,KGL02
1220,2025-08-28,625.9,Tablet,RUS01
1160,2025-08-28,517.79,Printer,RUS01
1080,2025-08-28,719.41,Laptop,KGL01
1343,2025-08-28,268.87,Laptop,HYE01
1260,2025-08-28,538.99,Laptop,KGL01
1295,2025-08-28,562.01,Tablet,RUS01
1137,2025-08-28,1179.7,Monitor,RUS01
1016,2025-08-28,623.53,Mouse,MUS01
1383,2025-08-28,487.38,Monitor,MUS01
1039,2025-08-28,525.73,Laptop,KGL01
1231,2025-08-28,185.18,Laptop,KGL02
1367,2025-08-28,68.87,Monitor,MUS01
1278,2025-08-28,651.98,Tablet,KGL01
1348,2025-08-28,510.06,Tablet,HYE01
1160,2025-08-28,344.41,Phone,RUS01
1325,2025-08-29,850.35,Keyboard,HYE01
1208,2025-08-29,709.54,Printer,KGL01
1235,2025-08-29,190.77,Headphones,MUS01
1046,2025-08-29,1183.25,Mouse,MUS01
1131,2025-08-29,267.44,Laptop,KGL01
1176,2025-08-29,870.42,Laptop,MUS01
1059,2025-08-29,838.8,Phone,RUS01
1076,2025-08-29,956.57,Phone,RUS01
1026,2025-08-29,629.66,Monitor,KGL01
1027,2025-08-29,770.92,Mouse,KGL01
1315,2025-08-29,825.8,Monitor,KGL01
1201,2025-08-29,1000.87,Printer,MUS01
1095,2025-08-29,544.51,Tablet,MUS01
1017,2025-08-29,1032.03,Phone,HYE01
1044,2025-08-29,955.66,Phone,KGL02
1094,2025-08-29,1084.31,Phone,MUS01
1135,2025-08-29,50.92,Laptop,MUS01
1180,2025-08-29,191.18,Printer,KGL02
1053,2025-08-29,71.83,Phone,MUS01
1163,2025-08-29,804.24,Headphones,MUS01
1313,2025-08-29,835.73,Printer,HYE01
1296,2025-08-29,35.78,Keyboard,KGL02
1124,2025-08-29,60.77,Phone,KGL02
1313,2025-08-29,1118.24,Mouse,KGL02
1010,2025-08-29,548.47,Keyboard,HYE01
1050,2025-08-30,733.76,Monitor,KGL01
1218,2025-08-30,809.72,Printer,KGL01
1299,2025-08-30,1158.78,Headphones,KGL01
1044,2025-08-30,243.35,Monitor,KGL01
1275,2025-08-30,579.06,Headphones,MUS01
1158,2025-08-30,67.54,Tablet,RUS01
1351,2025-08-30,1175.05,Laptop,KGL02
1165,2025-08-30,167.99,Phone,KGL02
1321,2025-08-30,534.05,Mouse,HYE01
1167,2025-08-30,183.05,Phone,HYE01
1126,2025-08-30,296.42,Phone,HYE01
1143,2025-08-30,403.44,Mouse,KGL01
1163,2025-08-30,753.55,Keyboard,KGL02
1256,2025-08-31,121.44,Headphones,KGL01
1398,2025-08-31,1000.81,Printer,MUS01
1057,2025-08-31,1117.3,Keyboard,KGL02
1132,2025-08-31,171.9,Tablet,MUS01
1231,2025-08-31,489.39,Printer,KGL01
1135,2025-08-31,786.95,Printer,KGL01
1331,2025-08-31,933.95,Mouse,KGL02
1186,2025-08-31,1057.12,Printer,RUS01
1222,2025-08-31,351.85,Monitor,HYE01
1026,2025-08-31,387.7,Keyboard,MUS01
1244,2025-08-31,575.88,Keyboard,KGL01
1139,2025-08-31,52.93,Keyboard,RUS01
1240,2025-08-31,131.48,Tablet,MUS01
1137,2025-08-31,622.0,Phone,RUS01
1378,2025-08-31,533.99,Printer,HYE01
1330,2025-08-31,582.1,Laptop,KGL01
1212,2025-08-31,353.45,Headphones,KGL01
1299,2025-08-31,1145.09,Headphones,KGL01
1196,2025-08-31,687.36,Phone,MUS01
1180,2025-08-31,324.01,Headphones,RUS01
1275,2025-08-31,935.04,Keyboard,KGL02
1012,2025-08-31,1063.53,Monitor,HYE01
1291,2025-08-31,147.24,Headphones,KGL01
1233,2025-08-31,547.76,Headphones,KGL01
1103,2025-08-31,354.42,Monitor,HYE01
1016,2025-09-01,380.51,Tablet,HYE01
1180,2025-09-01,339.58,Headphones,RUS01
1200,2025-09-01,612.13,Monitor,MUS01
1176,2025-09-01,685.17,Laptop,KGL01
1262,2025-09-01,226.46,Headphones,KGL02
1162,2025-09-01,197.26,Laptop,KGL01
1291,2025-09-01,825.77,Printer,MUS01
1356,2025-09-01,492.84,Keyboard,RUS01
1246,2025-09-01,722.52,Keyboard,MUS01
1228,2025-09-01,220.09,Tablet,HYE01
1180,2025-09-01,1074.01,Mouse,KGL02
1035,2025-09-01,456.3,Mouse,KGL02
1299,2025-09-01,303.59,Mouse,KGL01
1226,2025-09-01,716.35,Phone,RUS01
1348,2025-09-01,1007.07,Tablet,KGL02
1075,2025-09-02,735.34,Mouse,MUS01
1131,2025-09-02,841.48,Monitor,KGL02
1039,2025-09-02,60.27,Printer,KGL01
1054,2025-09-02,851.54,Mouse,MUS01
1358,2025-09-02,1196.75,Monitor,RUS01
1016,2025-09-02,1061.37,Laptop,KGL01
1220,2025-09-02,66.89,Laptop,RUS01
1394,2025-09-02,927.14,Mouse,KGL01
1217,2025-09-02,492.76,Printer,MUS01
1297,2025-09-02,693.9,Phone,HYE01
1304,2025-09-02,858.49,Headphones,RUS01
1010,2025-09-02,908.64,Keyboard,RUS01
1347,2025-09-02,561.86,Printer,RUS01
1189,2025-09-02,894.01,Mouse,KGL02
1225,2025-09-02,1162.45,Keyboard,RUS01
1216,2025-09-02,123.75,Monitor,HYE01
1106,2025-09-02,982.02,Printer,HYE01
1291,2025-09-02,460.79,Phone,MUS01
1103,2025-09-03,569.76,Phone,KGL01
1087,2025-09-03,890.97,Mouse,RUS01
1188,2025-09-03,816.67,Monitor,MUS01
1140,2025-09-03,1140.65,Mouse,HYE01
1212,2025-09-03,721.7,Phone,KGL01
1279,2025-09-03,245.55,Keyboard,KGL01
1179,2025-09-03,1031.68,Headphones,HYE01
1119,2025-09-03,297.51,Printer,RUS01
1395,2025-09-03,52.76,Printer,KGL02
1071,2025-09-03,1109.45,Phone,KGL02
1301,2025-09-03,20.6,Phone,RUS01
1362,2025-09-03,1092.26,Tablet,HYE01
1397,2025-09-03,653.21,Laptop,HYE01
1310,2025-09-03,464.44,Printer,KGL02
1193,2025-09-03,578.02,Laptop,MUS01
1109,2025-09-03,468.99,Headphones,HYE01
1260,2025-09-03,961.04,Monitor,MUS01
1202,2025-09-03,438.55,Phone,KGL01
1345,2025-09-03,607.5,Laptop,MUS01
1151,2025-09-03,1138.46,Headphones,KGL02
1062,2025-09-03,640.8,Tablet,KGL02
1113,2025-09-03,1157.55,Mouse,MUS01
1090,2025-09-03,886.91,Tablet,KGL02
1264,2025-09-03,84.03,Monitor,RUS01
1383,2025-09-04,901.47,Mouse,MUS01
1202,2025-09-04,37.16,Printer,MUS01
1000,2025-09-04,933.45,Headphones,HYE01
1023,2025-09-04,121.91,Laptop,KGL02
1331,2025-09-04,85.9,Mouse,MUS01
1229,2025-09-04,157.4,Laptop,RUS01
1238,2025-09-04,162.85,Tablet,MUS01
1312,2025-09-04,1158.81,Tablet,KGL01
1211,2025-09-04,311.63,Headphones,KGL02
1336,2025-09-04,309.88,Monitor,HYE01
1218,2025-09-04,465.59,Mouse,KGL01
1383,2025-09-04,833.54,Keyboard,MUS01
1153,2025-09-04,519.6,Monitor,MUS01
1327,2025-09-04,981.91,Mouse,HYE01
1007,2025-09-04,1133.66,Monitor,KGL01
1036,2025-09-04,223.28,Laptop,MUS01
1250,2025-09-04,217.72,Monitor,HYE01
1076,2025-09-04,599.62,Keyboard,KGL01
1181,2025-09-04,178.3,Printer,MUS01
1010,2025-09-04,228.55,Tablet,KGL01
1292,2025-09-04,600.4,Mouse,HYE01
1304,2025-09-04,35.07,Headphones,HYE01
1310,2025-09-04,1063.87,Monitor,RUS01
1141,2025-09-04,483.61,Tablet,KGL01
1090,2025-09-05,561.75,Monitor,RUS01
1158,2025-09-05,162.43,Headphones,KGL02
1341,2025-09-05,879.06,Keyboard,RUS01
1341,2025-09-05,999.86,Headphones,KGL01
1196,2025-09-05,364.66,Tablet,KGL01
1286,2025-09-05,1151.66,Monitor,RUS01
1371,2025-09-05,333.55,Laptop,KGL02
1197,2025-09-05,214.0,Laptop,MUS01
1254,2025-09-05,926.19,Keyboard,MUS01
1302,2025-09-05,1122.31,Tablet,RUS01
1295,2025-09-05,245.1,Tablet,KGL01
1362,2025-09-05,657.32,Monitor,KGL01
1232,2025-09-05,827.4,Monitor,RUS01
1032,2025-09-05,105.2,Headphones,RUS01
1228,2025-09-05,1177.8,Printer,MUS01
1023,2025-09-05,562.85,Printer,KGL01
1296,2025-09-05,44.83,Printer,RUS01
1026,2025-09-05,178.61,Printer,RUS01
1023,2025-09-05,241.25,Printer,KGL02
1385,2025-09-05,1073.33,Tablet,MUS01
1301,2025-09-05,563.25,Monitor,KGL02
1358,2025-09-05,1159.1,Monitor,MUS01
1158,2025-09-06,100.9,Phone,MUS01
1372,2025-09-06,553.39,Laptop,KGL01
1265,2025-09-06,997.29,Phone,KGL02
1271,2025-09-06,205.99,Printer,KGL01
1161,2025-09-06,425.25,Tablet,MUS01
1251,2025-09-06,357.9,Keyboard,HYE01
1377,2025-09-06,585.65,Monitor,MUS01
1005,2025-09-06,41.93,Mouse,KGL02
1242,2025-09-06,559.94,Printer,KGL01
1151,2025-09-06,613.92,Tablet,MUS01
1066,2025-09-06,1021.4,Monitor,MUS01
1060,2025-09-06,94.78,Laptop,RUS01
1147,2025-09-06,974.62,Monitor,MUS01
1235,2025-09-06,48.35,Phone,KGL02
1070,2025-09-06,898.97,Phone,KGL02
1161,2025-09-06,439.45,Keyboard,RUS01
1251,2025-09-06,25.51,Laptop,KGL02
1100,2025-09-07,265.19,Headphones,KGL02
1290,2025-09-07,878.54,Phone,KGL02
1028,2025-09-07,772.12,Printer,MUS01
1007,2025-09-07,584.51,Printer,KGL02
1387,2025-09-07,1192.75,Monitor,RUS01
1183,2025-09-07,220.42,Mouse,MUS01
1346,2025-09-07,1045.49,Monitor,MUS01
1261,2025-09-07,1021.69,Phone,RUS01
1294,2025-09-07,922.74,Laptop,MUS01
1203,2025-09-07,194.36,Headphones,HYE01
1223,2025-09-07,751.16,Monitor,HYE01
1201,2025-09-07,788.22,Laptop,KGL01
1244,2025-09-07,230.25,Printer,HYE01
1035,2025-09-07,901.21,Headphones,RUS01
1211,2025-09-07,1140.84,Phone,HYE01
1379,2025-09-07,440.12,Headphones,HYE01
1286,2025-09-08,86.71,Mouse,KGL02
1242,2025-09-08,1196.31,Headphones,KGL01
1021,2025-09-08,91.04,Monitor,MUS01
1081,2025-09-08,579.93,Headphones,KGL01
1202,2025-09-08,349.91,Printer,KGL02
1375,2025-09-08,925.9,Headphones,KGL02
1088,2025-09-08,653.81,Laptop,RUS01
1280,2025-09-08,215.39,Monitor,HYE01
1107,2025-09-08,296.34,Headphones,KGL02
1381,2025-09-08,434.0,Printer,MUS01
1305,2025-09-08,600.91,Headphones,MUS01
1190,2025-09-08,338.99,Printer,MUS01
1263,2025-09-08,526.58,Keyboard,MUS01
1025,2025-09-08,1187.2,Laptop,HYE01
1315,2025-09-08,275.05,Mouse,HYE01
1161,2025-09-08,221.92,Printer,HYE01
1323,2025-09-08,364.46,Headphones,RUS01
1010,2025-09-08,587.74,Laptop,KGL01
1222,2025-09-08,161.29,Tablet,MUS01
1380,2025-09-08,48.27,Monitor,HYE01
1368,2025-09-08,330.64,Printer,HYE01
1129,2025-09-08,1093.34,Phone,KGL01
1127,2025-09-08,521.57,Headphones,HYE01
1082,2025-09-08,388.54,Laptop,MUS01
1021,2025-09-08,429.12,Laptop,KGL02
1008,2025-09-08,404.75,Mouse,RUS01
1180,2025-09-08,282.54,Laptop,MUS01
1320,2025-09-08,507.64,Headphones,MUS01
1167,2025-09-08,517.3,Printer,MUS01
1387,2025-09-08,64.84,Keyboard,MUS01
1137,2025-09-08,213.46,Mouse,KGL01
1102,2025-09-08,871.55,Printer,KGL02
1123,2025-09-09,331.99,Monitor,HYE01
1400,2025-09-09,986.87,Printer,HYE01
1209,2025-09-09,288.45,Phone,MUS01
1221,2025-09-09,768.91,Phone,HYE01
1394,2025-09-09,82.35,Tablet,RUS01
1071,2025-09-09,918.99,Printer,KGL01
1087,2025-09-09,548.97,Headphones,KGL02
1194,2025-09-09,1049.62,Keyboard,KGL01
1383,2025-09-09,260.3,Phone,KGL02
1120,2025-09-09,1170.2,Printer,MUS01
1300,2025-09-09,335.33,Laptop,MUS01
1127,2025-09-09,1093.72,Laptop,HYE01
1093,2025-09-09,1076.33,Laptop,KGL01
1242,2025-09-09,467.24,Headphones,KGL01
1023,2025-09-09,496.04,Tablet,HYE01
1164,2025-09-09,343.94,Tablet,KGL02
1020,2025-09-09,462.83,Phone,HYE01
1232,2025-09-09,212.77,Mouse,RUS01
1103,2025-09-09,842.41,Tablet,HYE01
1348,2025-09-09,237.31,Mouse,KGL02
1086,2025-09-09,697.92,Keyboard,KGL02
1202,2025-09-09,229.29,Tablet,HYE01
1213,2025-09-09,994.12,Mouse,HYE01
1213,2025-09-10,254.45,Keyboard,MUS01
1235,2025-09-10,693.49,Printer,KGL01
1055,2025-09-10,325.29,Headphones,HYE01
1076,2025-09-10,1192.15,Printer,HYE01
1115,2025-09-10,371.99,Monitor,KGL01
1254,2025-09-10,968.5,Keyboard,RUS01
1273,2025-09-10,981.74,Phone,KGL01
1379,2025-09-10,1105.64,Phone,HYE01
1270,2025-09-10,897.86,Monitor,MUS01
1283,2025-09-10,222.15,Phone,MUS01
1196,2025-09-10,576.7,Tablet,RUS01
1211,2025-09-10,642.75,Mouse,KGL01
1263,2025-09-10,902.04,Monitor,MUS01
1390,2025-09-10,450.02,Phone,KGL01
1158,2025-09-10,754.93,Laptop,KGL01
1093,2025-09-10,173.13,Mouse,HYE01
1011,2025-09-10,652.84,Phone,HYE01
1083,2025-09-10,324.71,Monitor,KGL02
1328,2025-09-10,557.4,Headphones,MUS01
1368,2025-09-10,355.86,Headphones,HYE01
1145,2025-09-10,72.41,Tablet,RUS01
1049,2025-09-11,83.62,Printer,KGL01
1290,2025-09-11,358.41,Laptop,KGL01
1239,2025-09-11,313.69,Mouse,HYE01
1193,2025-09-11,741.39,Mouse,RUS01
1190,2025-09-11,702.15,Tablet,KGL02
1344,2025-09-11,589.18,Laptop,RUS01
1379,2025-09-11,1193.29,Mouse,MUS01
1258,2025-09-11,161.17,Tablet,HYE01
1073,2025-09-11,172.29,Keyboard,KGL01
1394,2025-09-11,943.79,Tablet,RUS01
1134,2025-09-11,1189.24,Phone,HYE01
1175,2025-09-11,68.07,Monitor,KGL02
1295,2025-09-11,457.88,Keyboard,MUS01
1258,2025-09-11,265.92,Monitor,RUS01
1047,2025-09-11,320.75,Mouse,HYE01
1218,2025-09-11,146.1,Laptop,HYE01
1087,2025-09-11,567.9,Mouse,KGL02
1010,2025-09-11,663.16,Laptop,KGL01
1245,2025-09-11,1028.92,Keyboard,KGL02
1311,2025-09-11,545.78,Keyboard,KGL01
1141,2025-09-12,194.77,Keyboard,HYE01
1026,2025-09-12,830.96,Keyboard,HYE01
1327,2025-09-12,718.94,Tablet,MUS01
1187,2025-09-12,656.11,Monitor,KGL01
1209,2025-09-12,886.44,Headphones,KGL01
1218,2025-09-12,730.15,Tablet,MUS01
1161,2025-09-12,300.22,Headphones,KGL02
1222,2025-09-12,101.9,Laptop,KGL02
1087,2025-09-12,652.42,Keyboard,KGL02
1238,2025-09-12,428.62,Tablet,KGL02
1208,2025-09-12,393.14,Headphones,KGL01
1245,2025-09-12,300.38,Keyboard,RUS01
1374,2025-09-12,1194.04,Printer,KGL02
1359,2025-09-12,1010.35,Headphones,MUS01
1146,2025-09-12,519.53,Headphones,RUS01
1107,2025-09-12,1106.04,Tablet,MUS01
1307,2025-09-12,548.51,Tablet,KGL02
1067,2025-09-12,595.15,Laptop,MUS01
1152,2025-09-13,521.69,Tablet,KGL01
1200,2025-09-13,152.85,Printer,MUS01
1315,2025-09-13,792.41,Headphones,KGL01
1340,2025-09-13,173.06,Tablet,MUS01
1082,2025-09-13,1162.51,Printer,MUS01
1100,2025-09-13,477.12,Printer,KGL02
1223,2025-09-13,414.95,Headphones,HYE01
1006,2025-09-13,1059.95,Tablet,KGL01
1103,2025-09-13,1040.14,Headphones,RUS01
1066,2025-09-13,784.78,Phone,MUS01
1014,2025-09-13,726.58,Mouse,MUS01
1094,2025-09-13,728.92,Printer,HYE01
1286,2025-09-13,477.76,Phone,KGL01
1065,2025-09-13,900.13,Monitor,RUS01
1229,2025-09-13,100.18,Laptop,RUS01
1150,2025-09-13,998.91,Tablet,HYE01
1339,2025-09-13,168.97,Mouse,RUS01
1085,2025-09-13,193.37,Phone,MUS01
1049,2025-09-13,1098.76,Phone,MUS01
1100,2025-09-13,1124.54,Printer,HYE01
1298,2025-09-13,40.97,Printer,RUS01
1080,2025-09-13,654.97,Mouse,KGL01
1380,2025-09-13,1142.08,Laptop,HYE01
1003,2025-09-13,509.21,Tablet,RUS01
1207,2025-09-13,34.37,Headphones,MUS01
1072,2025-09-13,247.47,Phone,KGL01
1355,2025-09-14,26.5,Headphones,MUS01
1054,2025-09-14,1198.1,Keyboard,HYE01
1286,2025-09-14,860.67,Tablet,RUS01
1024,2025-09-14,614.79,Keyboard,KGL02
1022,2025-09-14,872.7,Headphones,RUS01
1198,2025-09-14,998.37,Keyboard,RUS01
1203,2025-09-14,67.03,Mouse,MUS01
1128,2025-09-14,503.06,Printer,KGL02
1258,2025-09-14,622.62,Tablet,KGL01
1106,2025-09-14,691.46,Tablet,KGL02
1237,2025-09-14,575.59,Phone,KGL01
1299,2025-09-14,366.44,Laptop,HYE01
1307,2025-09-14,443.0,Headphones,HYE01
1225,2025-09-14,1005.51,Laptop,RUS01
1019,2025-09-14,114.36,Laptop,KGL02
1299,2025-09-14,1178.75,Tablet,KGL02
1322,2025-09-14,510.23,Laptop,KGL02
1257,2025-09-14,719.22,Monitor,HYE01
1382,2025-09-14,1060.4,Mouse,HYE01
1219,2025-09-14,574.77,Keyboard,MUS01
1177,2025-09-14,1013.3,Laptop,RUS01
1047,2025-09-15,363.45,Printer,MUS01
1383,2025-09-15,163.87,Laptop,MUS01
1108,2025-09-15,1178.36,Printer,HYE01
1140,2025-09-15,936.69,Monitor,KGL02
1057,2025-09-15,1113.44,Laptop,KGL01
1355,2025-09-15,592.46,Keyboard,HYE01
1334,2025-09-15,116.36,Tablet,RUS01
1288,2025-09-15,386.96,Mouse,HYE01
1058,2025-09-15,730.4,Monitor,KGL02
1289,2025-09-15,517.93,Mouse,RUS01
1010,2025-09-15,159.94,Tablet,HYE01
1364,2025-09-15,928.46,Printer,KGL01
1294,2025-09-15,592.59,Phone,KGL02
1149,2025-09-15,697.08,Mouse,MUS01
1342,2025-09-15,155.69,Monitor,KGL01
1119,2025-09-15,1175.95,Keyboard,KGL02
1071,2025-09-15,402.41,Keyboard,RUS01
1220,2025-09-15,48.37,Printer,KGL01
1279,2025-09-15,1164.91,Laptop,KGL01
1334,2025-09-15,744.03,Tablet,KGL02
1328,2025-09-15,1076.53,Headphones,KGL01
1273,2025-09-15,1182.85,Laptop,RUS01
1083,2025-09-15,528.3,Printer,MUS01
1281,2025-09-15,309.69,Headphones,MUS01
1153,2025-09-15,493.23,Mouse,HYE01
1044,2025-09-15,1048.44,Tablet,MUS01
1068,2025-09-15,920.83,Mouse,KGL01
1088,2025-09-15,232.09,Printer,RUS01
1175,2025-09-15,396.81,Laptop,RUS01
1040,2025-09-16,811.84,Tablet,HYE01
1178,2025-09-16,406.94,Laptop,KGL01
1398,2025-09-16,297.66,Keyboard,KGL02
1337,2025-09-16,456.8,Phone,RUS01
1000,2025-09-16,531.72,Headphones,KGL02
1022,2025-09-16,1189.37,Laptop,KGL02
1327,2025-09-16,1049.86,Headphones,RUS01
1229,2025-09-16,1075.84,Laptop,KGL01
1076,2025-09-16,435.75,Keyboard,RUS01
1355,2025-09-16,600.67,Printer,HYE01
1021,2025-09-16,662.12,Laptop,MUS01
1131,2025-09-16,75.54,Tablet,HYE01
1133,2025-09-16,459.44,Mouse,RUS01
1029,2025-09-16,299.33,Monitor,HYE01
1289,2025-09-16,1111.86,Laptop,RUS01
1240,2025-09-16,830.67,Mouse,HYE01
1029,2025-09-16,811.07,Phone,RUS01
1091,2025-09-16,1047.36,Mouse,RUS01
1241,2025-09-16,285.63,Tablet,RUS01
1115,2025-09-16,80.58,Keyboard,HYE01
1137,2025-09-16,1003.82,Printer,RUS01
1070,2025-09-16,478.51,Headphones,MUS01
1139,2025-09-16,877.22,Printer,KGL01
1212,2025-09-16,201.19,Phone,KGL02
1394,2025-09-16,1086.01,Tablet,MUS01
1083,2025-09-16,973.27,Keyboard,MUS01
1041,2025-09-16,756.67,Printer,KGL02
1340,2025-09-16,863.45,Mouse,HYE01
1208,2025-09-16,274.97,Phone,HYE01
1291,2025-09-16,466.42,Tablet,HYE01
1269,2025-09-16,495.72,Keyboard,KGL02
1282,2025-09-16,190.3,Monitor,KGL02
1321,2025-09-16,483.93,Mouse,HYE01
1064,2025-09-16,418.28,Laptop,KGL02
1119,2025-09-16,468.42,Monitor,KGL01
1241,2025-09-17,71.77,Monitor,RUS01
1271,2025-09-17,1033.94,Tablet,KGL01
1058,2025-09-17,53.96,Keyboard,HYE01
1350,2025-09-17,874.76,Laptop,KGL02
1209,2025-09-17,441.25,Laptop,RUS01
1168,2025-09-17,443.22,Laptop,KGL01
1358,2025-09-17,521.81,Mouse,MUS01
1144,2025-09-17,864.32,Monitor,HYE01
1312,2025-09-17,392.41,Keyboard,KGL01
1112,2025-09-17,717.36,Monitor,MUS01
1325,2025-09-17,358.72,Printer,HYE01
1241,2025-09-17,1106.92,Tablet,RUS01
1121,2025-09-17,1177.99,Headphones,RUS01
1395,2025-09-17,686.02,Headphones,KGL02
1229,2025-09-17,245.73,Phone,MUS01
1070,2025-09-17,681.21,Keyboard,KGL02
1086,2025-09-17,1166.19,Monitor,KGL02
1342,2025-09-17,929.84,Laptop,HYE01
1218,2025-09-17,1132.04,Tablet,KGL01
1173,2025-09-17,468.3,Printer,RUS01
1177,2025-09-17,988.9,Printer,KGL02
1395,2025-09-18,497.65,Laptop,KGL02
1026,2025-09-18,103.39,Mouse,RUS01
1062,2025-09-18,1182.22,Phone,KGL01
1264,2025-09-18,273.87,Monitor,RUS01
1337,2025-09-18,568.03,Keyboard,RUS01
1077,2025-09-18,1114.4,Monitor,RUS01
1181,2025-09-18,233.6,Keyboard,KGL01
1181,2025-09-18,509.56,Headphones,HYE01
1059,2025-09-18,814.06,Keyboard,RUS01
1252,2025-09-18,906.26,Keyboard,KGL02
1011,2025-09-18,335.83,Printer,RUS01
1135,2025-09-18,983.04,Laptop,RUS01
1334,2025-09-18,316.5,Printer,KGL01
1039,2025-09-19,677.82,Headphones,MUS01
1314,2025-09-19,87.1,Phone,KGL01
1163,2025-09-19,219.4,Laptop,HYE01
1172,2025-09-19,1115.61,Keyboard,RUS01
1277,2025-09-19,765.17,Printer,RUS01
1262,2025-09-19,1151.29,Headphones,HYE01
1106,2025-09-19,21.67,Printer,KGL02
1034,2025-09-19,1167.28,Keyboard,MUS01
1307,2025-09-19,525.4,Laptop,KGL01
1011,2025-09-19,312.03,Headphones,HYE01
1001,2025-09-19,303.26,Tablet,KGL01
1073,2025-09-19,302.4,Printer,KGL01
1019,2025-09-19,1198.2,Laptop,HYE01
1110,2025-09-19,1084.68,Keyboard,HYE01
1371,2025-09-19,624.69,Printer,HYE01
1291,2025-09-19,664.87,Phone,MUS01
1251,2025-09-19,119.79,Printer,MUS01
1344,2025-09-19,773.3,Mouse,KGL01
1121,2025-09-19,739.54,Keyboard,HYE01
1299,2025-09-19,961.91,Printer,MUS01
1238,2025-09-19,773.4,Phone,KGL01
1316,2025-09-19,272.76,Tablet,RUS01
1210,2025-09-19,106.3,Phone,HYE01
1368,2025-09-19,725.55,Headphones,RUS01
1367,2025-09-20,998.93,Keyboard,MUS01
1013,2025-09-20,912.01,Printer,KGL01
1144,2025-09-20,562.45,Mouse,HYE01
1129,2025-09-20,1058.88,Keyboard,MUS01
1264,2025-09-20,786.25,Mouse,KGL02
1086,2025-09-20,416.18,Keyboard,KGL02
1058,2025-09-20,605.42,Tablet,KGL01
1320,2025-09-20,448.77,Tablet,RUS01
1084,2025-09-20,269.21,Printer,KGL02
1177,2025-09-20,1139.72,Mouse,RUS01
1038,2025-09-20,713.92,Mouse,HYE01
1385,2025-09-20,755.36,Tablet,KGL01
1255,2025-09-20,253.84,Phone,KGL01
1188,2025-09-20,908.14,Mouse,KGL01
1287,2025-09-20,982.35,Keyboard,KGL02
1131,2025-09-20,848.24,Phone,KGL01
1017,2025-09-20,17.33,Keyboard,KGL02
1016,2025-09-20,1019.13,Monitor,KGL02
1123,2025-09-20,428.82,Printer,KGL01
1005,2025-09-20,856.1,Printer,RUS01
1089,2025-09-20,1024.7,Laptop,KGL02
1252,2025-09-21,637.86,Monitor,MUS01
1289,2025-09-21,714.01,Keyboard,HYE01
1122,2025-09-21,287.33,Keyboard,KGL02
1157,2025-09-21,354.62,Mouse,KGL02
1236,2025-09-21,736.3,Laptop,RUS01
1282,2025-09-21,123.04,Laptop,KGL02
1320,2025-09-21,815.37,Printer,RUS01
1348,2025-09-21,913.35,Laptop,KGL01
1344,2025-09-21,598.26,Tablet,HYE01
1352,2025-09-21,42.71,Keyboard,KGL01
1363,2025-09-21,773.43,Keyboard,RUS01
1140,2025-09-21,22.16,Mouse,KGL02
1071,2025-09-21,983.81,Mouse,MUS01
1187,2025-09-21,819.32,Mouse,HYE01
1073,2025-09-21,145.5,Headphones,HYE01
1195,2025-09-21,149.66,Headphones,RUS01
1058,2025-09-21,518.52,Mouse,MUS01
1345,2025-09-21,818.55,Keyboard,KGL01
1081,2025-09-21,319.45,Phone,HYE01
1123,2025-09-21,319.55,Tablet,KGL01
1285,2025-09-22,628.69,Headphones,HYE01
1164,2025-09-22,88.44,Laptop,KGL01
1115,2025-09-22,280.61,Phone,HYE01
1306,2025-09-22,335.98,Tablet,KGL01
1004,2025-09-22,621.63,Keyboard,KGL02
1094,2025-09-22,1011.55,Mouse,HYE01
1391,2025-09-22,625.42,Mouse,KGL01
1133,2025-09-22,666.98,Phone,KGL01
1162,2025-09-22,759.16,Headphones,RUS01
1201,2025-09-22,325.67,Headphones,HYE01
1235,2025-09-22,364.46,Tablet,KGL02
1276,2025-09-22,944.91,Mouse,KGL01
1376,2025-09-22,242.83,Headphones,MUS01
1061,2025-09-22,442.66,Keyboard,KGL02
1373,2025-09-22,346.9,Printer,KGL01
1243,2025-09-22,501.65,Mouse,HYE01
1144,2025-09-22,1158.34,Headphones,KGL02
1303,2025-09-22,862.72,Tablet,HYE01
1056,2025-09-22,952.24,Printer,HYE01
1229,2025-09-22,741.68,Printer,KGL02
1357,2025-09-22,653.73,Monitor,MUS01
1283,2025-09-22,815.95,Keyboard,HYE01
1151,2025-09-22,1098.71,Mouse,MUS01
1035,2025-09-22,121.41,Monitor,MUS01
1310,2025-09-22,881.83,Headphones,KGL02
1177,2025-09-22,63.34,Phone,HYE01
1360,2025-09-22,478.01,Phone,KGL02
1202,2025-09-22,801.36,Phone,RUS01
1095,2025-09-23,576.3,Headphones,RUS01
1316,2025-09-23,174.69,Monitor,MUS01
1393,2025-09-23,541.39,Phone,HYE01
1226,2025-09-23,542.13,Mouse,RUS01
1386,2025-09-23,1184.54,Monitor,KGL02
1012,2025-09-23,1164.78,Phone,KGL01
1371,2025-09-23,412.71,Phone,KGL01
1123,2025-09-23,821.56,Keyboard,KGL02
1238,2025-09-23,520.83,Printer,KGL01
1049,2025-09-23,859.6,Tablet,HYE01
1100,2025-09-23,659.13,Monitor,KGL01
1162,2025-09-23,976.92,Printer,KGL02
1200,2025-09-23,780.41,Printer,HYE01
1363,2025-09-23,944.35,Monitor,MUS01
1357,2025-09-23,235.63,Mouse,MUS01
1187,2025-09-23,485.27,Mouse,KGL02
1119,2025-09-24,931.72,Headphones,MUS01
1359,2025-09-24,596.51,Phone,KGL01
1047,2025-09-24,334.26,Tablet,MUS01
1134,2025-09-24,1117.51,Monitor,MUS01
1019,2025-09-24,911.47,Tablet,HYE01
1241,2025-09-24,134.42,Laptop,KGL02
1008,2025-09-24,612.25,Laptop,RUS01
1213,2025-09-24,382.13,Tablet,RUS01
1014,2025-09-24,166.22,Printer,HYE01
1333,2025-09-24,319.63,Phone,KGL01
1182,2025-09-24,1060.66,Printer,RUS01
1065,2025-09-24,692.82,Monitor,KGL01
1326,2025-09-24,382.53,Tablet,RUS01
1061,2025-09-24,1014.97,Keyboard,MUS01
1397,2025-09-24,23.99,Monitor,HYE01
1164,2025-09-24,692.86,Mouse,MUS01
1168,2025-09-24,1102.08,Mouse,RUS01
1088,2025-09-24,148.63,Keyboard,KGL02
1331,2025-09-24,772.97,Laptop,MUS01
1114,2025-09-24,89.15,Headphones,KGL02
1026,2025-09-24,27.51,Printer,HYE01
1094,2025-09-24,354.11,Headphones,KGL01
1179,2025-09-25,491.91,Headphones,KGL02
1317,2025-09-25,676.95,Printer,RUS01
1248,2025-09-25,601.54,Printer,MUS01
1262,2025-09-25,796.15,Printer,HYE01
1023,2025-09-25,978.15,Phone,KGL02
1194,2025-09-25,1177.13,Printer,MUS01
1309,2025-09-25,823.91,Mouse,RUS01
1129,2025-09-25,13.04,Headphones,HYE01
1070,2025-09-25,1096.06,Printer,RUS01
1119,2025-09-25,185.69,Monitor,RUS01
1164,2025-09-25,618.19,Keyboard,MUS01
1172,2025-09-25,509.76,Mouse,RUS01
1163,2025-09-25,27.35,Printer,HYE01
1298,2025-09-25,896.56,Keyboard,RUS01
1180,2025-09-25,218.91,Laptop,HYE01
1293,2025-09-25,442.69,Keyboard,MUS01
1254,2025-09-25,814.54,Keyboard,RUS01
1163,2025-09-26,461.92,Tablet,KGL02
1026,2025-09-26,951.53,Tablet,KGL01
1223,2025-09-26,635.06,Printer,KGL02
1027,2025-09-26,790.24,Tablet,RUS01
1344,2025-09-26,113.71,Tablet,HYE01
1093,2025-09-26,786.02,Laptop,KGL01
1022,2025-09-26,377.17,Tablet,HYE01
1075,2025-09-26,1143.53,Phone,HYE01
1032,2025-09-26,302.66,Laptop,KGL02
1082,2025-09-26,969.08,Headphones,RUS01
1369,2025-09-26,802.72,Keyboard,MUS01
1330,2025-09-26,672.12,Phone,KGL02
1077,2025-09-26,1038.4,Monitor,HYE01
1065,2025-09-26,240.14,Keyboard,KGL02
1036,2025-09-26,429.35,Phone,KGL02
1178,2025-09-26,534.77,Laptop,HYE01
1127,2025-09-26,112.81,Monitor,RUS01
1100,2025-09-26,722.38,Headphones,RUS01
1355,2025-09-26,1107.93,Laptop,HYE01
1349,2025-09-26,851.89,Keyboard,KGL01
1394,2025-09-27,465.89,Phone,HYE01
1262,2025-09-27,936.05,Laptop,HYE01
1153,2025-09-27,996.58,Phone,HYE01
1173,2025-09-27,287.0,Monitor,HYE01
1018,2025-09-27,1118.81,Mouse,MUS01
1175,2025-09-27,690.48,Headphones,HYE01
1339,2025-09-27,362.66,Mouse,MUS01
1229,2025-09-27,471.65,Keyboard,KGL01
1161,2025-09-27,954.05,Laptop,KGL01
1154,2025-09-27,476.56,Headphones,RUS01
1361,2025-09-27,1039.25,Laptop,HYE01
1154,2025-09-27,991.27,Headphones,RUS01
1093,2025-09-27,1059.14,Monitor,RUS01
1052,2025-09-27,505.45,Headphones,HYE01
1035,2025-09-27,715.33,Headphones,MUS01
1257,2025-09-27,752.31,Phone,HYE01
1187,2025-09-27,916.53,Phone,MUS01
1224,2025-09-27,726.99,Laptop,KGL01
1161,2025-09-28,660.41,Tablet,KGL02
1253,2025-09-28,697.29,Laptop,HYE01
1295,2025-09-28,759.03,Monitor,KGL01
1313,2025-09-28,544.2,Keyboard,MUS01
1312,2025-09-28,475.85,Phone,KGL01
1370,2025-09-28,385.16,Tablet,KGL01
1095,2025-09-28,1038.55,Laptop,HYE01
1116,2025-09-28,31.43,Tablet,KGL01
1384,2025-09-28,764.22,Headphones,KGL02
1249,2025-09-28,1074.61,Printer,KGL02
1016,2025-09-28,792.55,Monitor,KGL02
1334,2025-09-28,674.66,Keyboard,KGL02
1089,2025-09-28,570.02,Monitor,MUS01
1373,2025-09-28,225.27,Laptop,HYE01
1241,2025-09-28,252.49,Tablet,KGL02
1210,2025-09-28,486.68,Laptop,KGL02
1029,2025-09-28,1159.03,Phone,HYE01
1239,2025-09-28,1145.95,Keyboard,RUS01
1169,2025-09-28,620.1,Laptop,MUS01
1161,2025-09-28,467.1,Headphones,RUS01
1138,2025-09-28,320.27,Monitor,KGL02
1025,2025-09-28,1130.48,Tablet,HYE01
1075,2025-09-28,1182.92,Printer,MUS01
1364,2025-09-28,376.91,Tablet,KGL02
1172,2025-09-28,457.15,Monitor,HYE01
1036,2025-09-28,369.98,Monitor,KGL02
1270,2025-09-29,1009.31,Headphones,RUS01
1397,2025-09-29,403.43,Mouse,KGL01
1171,2025-09-29,829.98,Phone,KGL01
1289,2025-09-29,919.49,Keyboard,RUS01
1002,2025-09-29,404.5,Laptop,RUS01
1023,2025-09-29,461.49,Tablet,KGL02
1310,2025-09-29,76.39,Printer,HYE01
1078,2025-09-29,1058.95,Laptop,RUS01
1097,2025-09-29,1184.82,Mouse,HYE01
1394,2025-09-29,816.97,Monitor,MUS01
1008,2025-09-29,109.98,Mouse,RUS01
1379,2025-09-29,846.42,Monitor,RUS01
1024,2025-09-29,926.59,Printer,KGL02
1041,2025-09-29,394.28,Laptop,RUS01
1110,2025-09-29,697.71,Keyboard,KGL01
1174,2025-09-30,1059.6,Laptop,HYE01
1183,2025-09-30,350.19,Tablet,KGL02
1290,2025-09-30,394.35,Phone,KGL01
1078,2025-09-30,1120.97,Keyboard,RUS01
1066,2025-09-30,549.59,Monitor,RUS01
1374,2025-09-30,841.93,Laptop,KGL01
1312,2025-09-30,810.65,Headphones,HYE01
1317,2025-09-30,1117.14,Monitor,KGL02
1267,2025-09-30,343.54,Laptop,KGL02
1248,2025-09-30,1178.36,Monitor,KGL02
1044,2025-09-30,50.26,Monitor,KGL02
1078,2025-09-30,686.39,Phone,RUS01
1158,2025-09-30,377.24,Headphones,RUS01
1249,2025-09-30,839.68,Tablet,MUS01
1109,2025-09-30,281.06,Headphones,KGL01
1220,2025-09-30,626.37,Keyboard,KGL02
1112,2025-09-30,714.23,Phone,RUS01
1179,2025-09-30,250.26,Monitor,MUS01
1235,2025-09-30,633.65,Keyboard,KGL02
1051,2025-09-30,472.48,Mouse,RUS01
1029,2025-09-30,198.19,Mouse,RUS01
1157,2025-09-30,605.15,Tablet,KGL02
1389,2025-09-30,770.88,Mouse,MUS01
1068,2025-09-30,1100.0,Laptop,KGL02
1098,2025-09-30,1077.61,Headphones,KGL02
1213,2025-10-01,80.99,Printer,RUS01
1092,2025-10-01,644.72,Tablet,RUS01
1326,2025-10-01,806.8,Monitor,KGL02
1363,2025-10-01,561.41,Monitor,RUS01
1295,2025-10-01,524.47,Mouse,MUS01
1063,2025-10-01,104.13,Keyboard,KGL02
1030,2025-10-01,200.97,Mouse,RUS01
1223,2025-10-01,530.63,Mouse,KGL02
1367,2025-10-01,520.06,Laptop,MUS01
1039,2025-10-01,946.93,Phone,KGL02
1036,2025-10-01,1057.49,Headphones,RUS01
1107,2025-10-01,36.67,Tablet,KGL01
1039,2025-10-01,310.54,Tablet,KGL01
1305,2025-10-01,174.58,Mouse,KGL01
1396,2025-10-01,124.29,Tablet,MUS01
1015,2025-10-01,749.06,Phone,KGL01
1388,2025-10-01,957.38,Phone,HYE01
1309,2025-10-01,993.32,Mouse,KGL01
1119,2025-10-01,942.93,Keyboard,HYE01
1001,2025-10-01,705.79,Headphones,KGL01
1207,2025-10-01,437.52,Keyboard,KGL02
1263,2025-10-01,986.12,Monitor,HYE01
1291,2025-10-02,989.4,Tablet,KGL02
1082,2025-10-02,252.78,Laptop,HYE01
1200,2025-10-02,184.9,Phone,RUS01
1166,2025-10-02,134.73,Tablet,HYE01
1071,2025-10-02,901.44,Keyboard,KGL02
1174,2025-10-02,880.68,Tablet,RUS01
1259,2025-10-02,156.65,Printer,KGL02
1052,2025-10-02,811.57,Laptop,MUS01
1239,2025-10-02,1067.89,Headphones,HYE01
1131,2025-10-02,387.32,Printer,MUS01
1078,2025-10-02,684.84,Monitor,MUS01
1049,2025-10-02,473.98,Mouse,MUS01
1241,2025-10-02,343.01,Headphones,KGL01
1234,2025-10-02,1096.61,Mouse,HYE01
1251,2025-10-02,180.73,Monitor,RUS01
1329,2025-10-02,54.2,Tablet,RUS01
1002,2025-10-02,563.84,Headphones,KGL01
1023,2025-10-02,538.82,Monitor,MUS01
1131,2025-10-03,170.59,Tablet,RUS01
1287,2025-10-03,592.93,Monitor,KGL02
1066,2025-10-03,995.17,Monitor,KGL01
1188,2025-10-03,94.06,Headphones,KGL02
1286,2025-10-03,1068.74,Keyboard,RUS01
1289,2025-10-03,34.68,Tablet,MUS01
1187,2025-10-03,968.93,Laptop,KGL02
1235,2025-10-03,1166.18,Printer,KGL02
1321,2025-10-03,943.58,Phone,HYE01
1256,2025-10-03,432.56,Mouse,HYE01
1276,2025-10-03,449.06,Keyboard,HYE01
1040,2025-10-03,155.28,Laptop,MUS01
1311,2025-10-03,1050.52,Laptop,KGL01
1385,2025-10-03,818.73,Mouse,KGL01
1077,2025-10-03,1020.71,Keyboard,HYE01
1237,2025-10-03,12.42,Laptop,KGL02
1318,2025-10-03,200.72,Monitor,KGL01
1116,2025-10-03,338.28,Monitor,HYE01
1030,2025-10-03,1157.43,Phone,RUS01
1298,2025-10-03,780.86,Laptop,KGL02
1225,2025-10-03,386.49,Laptop,KGL01
1260,2025-10-03,24.14,Tablet,KGL02
1214,2025-10-03,1019.15,Printer,RUS01
1239,2025-10-04,540.89,Mouse,HYE01
1285,2025-10-04,379.01,Phone,RUS01
1087,2025-10-04,990.45,Keyboard,KGL02
1245,2025-10-04,1125.54,Tablet,HYE01
1395,2025-10-04,901.09,Monitor,MUS01
1228,2025-10-04,672.32,Keyboard,KGL01
1018,2025-10-04,1060.41,Monitor,RUS01
1268,2025-10-04,506.43,Monitor,KGL02
1395,2025-10-04,498.63,Laptop,KGL01
1175,2025-10-04,1060.03,Printer,KGL01
1063,2025-10-04,15.36,Phone,HYE01
1246,2025-10-04,1006.31,Monitor,KGL01
1394,2025-10-04,926.94,Phone,MUS01
1235,2025-10-04,99.49,Phone,RUS01
1288,2025-10-04,312.34,Tablet,MUS01
1330,2025-10-04,1010.25,Mouse,MUS01
1262,2025-10-04,596.29,Printer,KGL02
1357,2025-10-04,804.05,Tablet,RUS01
1214,2025-10-04,1084.69,Phone,RUS01
1051,2025-10-04,1116.82,Mouse,HYE01
1202,2025-10-05,927.23,Headphones,MUS01
1183,2025-10-05,703.24,Tablet,HYE01
1112,2025-10-05,642.41,Laptop,KGL02
1286,2025-10-05,928.29,Printer,KGL01
1389,2025-10-05,474.71,Phone,KGL01
1024,2025-10-05,1104.44,Mouse,KGL02
1289,2025-10-05,169.08,Tablet,HYE01
1031,2025-10-05,569.13,Tablet,KGL01
1018,2025-10-05,367.78,Monitor,KGL01
1357,2025-10-05,483.21,Laptop,KGL01
1127,2025-10-05,69.23,Laptop,HYE01
1227,2025-10-05,813.94,Phone,HYE01
1049,2025-10-05,1030.46,Laptop,MUS01
1340,2025-10-05,864.22,Monitor,HYE01
1091,2025-10-05,936.43,Mouse,HYE01
1011,2025-10-05,219.17,Laptop,KGL02
1185,2025-10-05,165.18,Headphones,KGL02
1153,2025-10-05,688.95,Headphones,KGL02
1040,2025-10-05,504.23,Keyboard,KGL01
1030,2025-10-05,795.33,Phone,HYE01
1126,2025-10-05,745.77,Printer,HYE01
1007,2025-10-05,953.94,Mouse,KGL02
1327,2025-10-06,332.84,Phone,KGL02
1211,2025-10-06,399.31,Monitor,KGL01
1172,2025-10-06,895.67,Mouse,KGL01
1373,2025-10-06,501.78,Monitor,HYE01
1175,2025-10-06,386.89,Monitor,RUS01
1187,2025-10-06,1083.04,Monitor,MUS01
1193,2025-10-06,949.52,Tablet,HYE01
1142,2025-10-06,865.7,Mouse,KGL01
1201,2025-10-06,612.15,Printer,KGL02
1137,2025-10-06,986.43,Mouse,RUS01
1392,2025-10-06,661.28,Mouse,RUS01
1159,2025-10-06,118.92,Printer,KGL02
1399,2025-10-06,202.9,Laptop,HYE01
1026,2025-10-06,391.69,Mouse,KGL01
1084,2025-10-06,1195.05,Laptop,RUS01
1338,2025-10-06,910.61,Keyboard,KGL01
1399,2025-10-06,1044.19,Laptop,RUS01
1364,2025-10-06,840.48,Monitor,KGL02
1281,2025-10-06,926.17,Keyboard,HYE01
1238,2025-10-06,1195.99,Printer,KGL02
1031,2025-10-06,325.7,Keyboard,MUS01
1303,2025-10-06,1149.33,Tablet,MUS01
1026,2025-10-06,463.08,Phone,KGL01
1054,2025-10-06,1185.99,Laptop,RUS01
1309,2025-10-06,790.9,Mouse,MUS01
1318,2025-10-06,579.84,Headphones,HYE01
1085,2025-10-06,462.5,Monitor,KGL01
1250,2025-10-06,1184.77,Tablet,KGL01
1196,2025-10-07,668.11,Phone,KGL02
1096,2025-10-07,45.44,Tablet,MUS01
1243,2025-10-07,373.92,Keyboard,KGL02
1191,2025-10-07,802.95,Headphones,RUS01
1300,2025-10-07,999.18,Tablet,MUS01
1120,2025-10-07,200.35,Mouse,KGL02
1034,2025-10-07,1103.69,Monitor,MUS01
1208,2025-10-07,560.36,Tablet,RUS01
1128,2025-10-07,756.14,Phone,HYE01
1313,2025-10-07,555.06,Phone,KGL01
1004,2025-10-07,1165.51,Tablet,KGL02
1290,2025-10-07,915.3,Keyboard,KGL02
1292,2025-10-07,307.4,Laptop,KGL02
1228,2025-10-07,740.77,Headphones,MUS01
1026,2025-10-07,955.71,Phone,RUS01
1321,2025-10-07,1167.05,Headphones,KGL01
1231,2025-10-07,48.44,Keyboard,MUS01
1286,2025-10-07,885.1,Keyboard,KGL02
1306,2025-10-07,444.88,Keyboard,KGL01
1384,2025-10-07,699.55,Phone,HYE01
1049,2025-10-07,24.36,Mouse,HYE01
1269,2025-10-07,837.98,Keyboard,KGL02
1330,2025-10-07,409.97,Keyboard,RUS01
1288,2025-10-07,368.6,Printer,KGL01
1058,2025-10-07,394.21,Laptop,HYE01
1199,2025-10-08,947.1,Monitor,RUS01
1036,2025-10-08,907.25,Headphones,KGL01
1221,2025-10-08,493.26,Mouse,RUS01
1221,2025-10-08,935.32,Tablet,HYE01
1085,2025-10-08,11.48,Phone,RUS01
1192,2025-10-08,471.28,Laptop,RUS01
1243,2025-10-08,825.98,Laptop,KGL02
1319,2025-10-08,858.52,Monitor,RUS01
1238,2025-10-08,385.06,Mouse,KGL01
1322,2025-10-08,646.32,Tablet,KGL01
1306,2025-10-08,277.98,Keyboard,HYE01
1146,2025-10-08,759.35,Laptop,MUS01
1310,2025-10-08,811.57,Headphones,KGL02
1205,2025-10-08,382.14,Mouse,HYE01
1159,2025-10-08,1009.08,Keyboard,KGL02
1300,2025-10-08,692.38,Monitor,KGL02
1338,2025-10-08,237.54,Phone,RUS01
1178,2025-10-08,754.96,Headphones,HYE01
1397,2025-10-08,238.76,Laptop,KGL01
1339,2025-10-08,881.44,Monitor,KGL02
1019,2025-10-08,45.67,Headphones,HYE01
1045,2025-10-08,67.2,Monitor,KGL01
1074,2025-10-08,323.02,Keyboard,MUS01
1291,2025-10-08,139.94,Headphones,KGL01
1206,2025-10-08,1165.84,Keyboard,KGL01
1289,2025-10-09,1066.56,Mouse,MUS01
1375,2025-10-09,64.54,Printer,MUS01
1052,2025-10-09,191.07,Printer,KGL01
1234,2025-10-09,215.6,Printer,HYE01
1224,2025-10-09,1138.65,Headphones,RUS01
1326,2025-10-09,229.14,Mouse,KGL02
1045,2025-10-09,964.41,Laptop,MUS01
1085,2025-10-09,709.41,Phone,RUS01
1252,2025-10-09,1096.13,Monitor,MUS01
1351,2025-10-09,139.87,Mouse,KGL01
1258,2025-10-09,670.87,Laptop,RUS01
1256,2025-10-09,1146.92,Laptop,MUS01
1079,2025-10-09,407.3,Monitor,MUS01
1253,2025-10-09,942.49,Tablet,RUS01
1309,2025-10-09,1020.7,Monitor,RUS01
1150,2025-10-09,657.53,Keyboard,MUS01
1222,2025-10-09,312.81,Tablet,KGL02
1199,2025-10-09,606.04,Printer,KGL01
1244,2025-10-09,514.49,Phone,KGL02
1373,2025-10-09,576.17,Laptop,RUS01
1336,2025-10-09,419.41,Keyboard,HYE01
1126,2025-10-09,825.29,Headphones,HYE01
1343,2025-10-09,789.41,Headphones,MUS01
1147,2025-10-09,633.69,Keyboard,KGL01
1253,2025-10-09,140.08,Headphones,HYE01
1068,2025-10-09,1062.16,Laptop,RUS01
1375,2025-10-09,570.68,Keyboard,MUS01
1382,2025-10-09,393.24,Phone,HYE01
1366,2025-10-10,1020.13,Mouse,RUS01
1193,2025-10-10,93.1,Tablet,MUS01
1095,2025-10-10,1024.84,Keyboard,MUS01
1222,2025-10-10,836.15,Printer,KGL01
1022,2025-10-10,345.77,Tablet,KGL02
1063,2025-10-10,106.04,Monitor,MUS01
1375,2025-10-10,415.07,Tablet,KGL01
1065,2025-10-10,1027.34,Laptop,HYE01
1273,2025-10-10,666.42,Headphones,KGL01
1006,2025-10-10,113.78,Mouse,MUS01
1107,2025-10-10,608.26,Phone,KGL02
1295,2025-10-10,820.89,Laptop,RUS01
1311,2025-10-10,933.41,Monitor,KGL01
1144,2025-10-10,1065.04,Printer,HYE01
1177,2025-10-10,931.71,Mouse,HYE01
1190,2025-10-10,570.22,Printer,KGL02
1148,2025-10-10,634.42,Laptop,HYE01
1081,2025-10-10,327.49,Monitor,KGL01
1372,2025-10-10,821.77,Headphones,RUS01
1386,2025-10-10,58.2,Monitor,KGL02
1042,2025-10-10,955.5,Keyboard,HYE01
1145,2025-10-10,1078.49,Headphones,MUS01
1313,2025-10-10,358.86,Headphones,MUS01
1045,2025-10-10,496.57,Monitor,KGL01
1269,2025-10-11,1106.05,Tablet,HYE01
1123,2025-10-11,1105.41,Mouse,KGL02
1049,2025-10-11,732.3,Monitor,RUS01
1221,2025-10-11,231.12,Tablet,KGL02
1191,2025-10-11,98.4,Mouse,MUS01
1289,2025-10-11,93.09,Mouse,HYE01
1138,2025-10-11,1165.31,Printer,KGL01
1125,2025-10-11,1013.97,Monitor,HYE01
1062,2025-10-11,571.23,Mouse,RUS01
1296,2025-10-11,398.38,Keyboard,KGL02
1328,2025-10-11,55.57,Mouse,KGL02
1397,2025-10-11,631.28,Printer,MUS01
1366,2025-10-11,1003.82,Monitor,RUS01
1320,2025-10-11,994.38,Printer,KGL01
1114,2025-10-11,772.75,Headphones,RUS01
1033,2025-10-11,995.82,Laptop,MUS01
1364,2025-10-11,283.36,Printer,HYE01
1212,2025-10-11,219.7,Printer,RUS01
1103,2025-10-11,995.05,Mouse,MUS01
1238,2025-10-11,45.91,Headphones,MUS01
1180,2025-10-11,376.19,Laptop,RUS01
1161,2025-10-11,750.14,Laptop,HYE01
1374,2025-10-11,1027.12,Laptop,KGL01
1031,2025-10-12,350.94,Mouse,MUS01
1182,2025-10-12,923.55,Tablet,KGL02
1015,2025-10-12,686.04,Mouse,KGL01
1187,2025-10-12,988.23,Monitor,MUS01
1194,2025-10-12,1165.4,Headphones,KGL01
1232,2025-10-12,925.52,Keyboard,HYE01
1264,2025-10-12,513.65,Printer,MUS01
1370,2025-10-12,656.01,Printer,HYE01
1222,2025-10-12,747.17,Phone,KGL02
1315,2025-10-12,1178.55,Monitor,HYE01
1301,2025-10-12,590.72,Keyboard,KGL02
1262,2025-10-12,1179.34,Phone,MUS01
1390,2025-10-12,966.5,Keyboard,KGL01
1037,2025-10-12,1043.35,Mouse,KGL01
1326,2025-10-12,189.55,Tablet,KGL01
1153,2025-10-12,1134.05,Phone,KGL02
1213,2025-10-12,709.17,Laptop,KGL01
1300,2025-10-12,1095.93,Headphones,MUS01
1087,2025-10-12,146.24,Printer,KGL02
1363,2025-10-13,122.9,Keyboard,RUS01
1108,2025-10-13,671.9,Mouse,RUS01
1275,2025-10-13,781.7,Mouse,MUS01
1035,2025-10-13,706.77,Tablet,KGL01
1034,2025-10-13,1075.92,Laptop,HYE01
1260,2025-10-13,880.43,Laptop,KGL01
1302,2025-10-13,489.58,Tablet,KGL02
1104,2025-10-13,174.14,Tablet,KGL01
1362,2025-10-13,582.35,Headphones,MUS01
1096,2025-10-13,983.42,Mouse,KGL02
1202,2025-10-13,77.27,Tablet,KGL01
1264,2025-10-13,1095.32,Mouse,KGL02
1025,2025-10-13,1026.22,Keyboard,KGL01
1214,2025-10-13,450.19,Mouse,HYE01
1216,2025-10-13,742.97,Phone,KGL02
1286,2025-10-13,124.6,Monitor,HYE01
1097,2025-10-13,331.36,Phone,KGL01
1018,2025-10-13,701.99,Monitor,MUS01
1183,2025-10-13,565.9,Mouse,KGL01
1244,2025-10-13,1170.16,Mouse,KGL02
1281,2025-10-14,699.37,Phone,KGL01
1255,2025-10-14,679.64,Laptop,KGL01
1398,2025-10-14,842.2,Monitor,KGL02
1328,2025-10-14,553.54,Tablet,RUS01
1120,2025-10-14,803.3,Laptop,KGL02
1334,2025-10-14,864.44,Laptop,HYE01
1213,2025-10-14,999.53,Phone,RUS01
1292,2025-10-14,481.7,Mouse,HYE01
1323,2025-10-14,1081.22,Headphones,RUS01
1386,2025-10-14,534.71,Printer,HYE01
1045,2025-10-14,642.2,Monitor,KGL01
1319,2025-10-14,430.39,Phone,HYE01
1262,2025-10-14,355.22,Keyboard,KGL01
1210,2025-10-14,117.12,Printer,RUS01
1013,2025-10-14,821.66,Laptop,RUS01
1068,2025-10-14,1134.01,Tablet,MUS01
1139,2025-10-14,222.03,Phone,KGL01
1400,2025-10-14,712.02,Headphones,KGL01
1236,2025-10-14,211.76,Laptop,KGL01
1228,2025-10-15,93.91,Monitor,KGL01
1277,2025-10-15,269.33,Printer,MUS01
1120,2025-10-15,384.49,Headphones,MUS01
1254,2025-10-15,416.59,Laptop,MUS01
1351,2025-10-15,500.38,Mouse,HYE01
1095,2025-10-15,1089.53,Headphones,HYE01
1327,2025-10-15,158.1,Headphones,KGL01
1092,2025-10-15,352.16,Headphones,RUS01
1112,2025-10-15,890.89,Monitor,MUS01
1125,2025-10-15,889.92,Mouse,RUS01
1044,2025-10-15,652.9,Mouse,RUS01
1347,2025-10-15,62.26,Tablet,KGL01
1110,2025-10-15,343.83,Keyboard,MUS01
1212,2025-10-15,313.31,Tablet,KGL01
1009,2025-10-15,724.1,Laptop,KGL01
1171,2025-10-15,675.11,Printer,HYE01
1393,2025-10-15,1078.93,Mouse,KGL01
1122,2025-10-15,540.25,Phone,KGL02
1357,2025-10-15,713.9,Headphones,MUS01
1303,2025-10-15,1169.55,Mouse,RUS01
1073,2025-10-16,309.34,Phone,HYE01
1180,2025-10-16,914.12,Keyboard,MUS01
1289,2025-10-16,543.91,Printer,HYE01
1326,2025-10-16,467.3,Phone,KGL02
1247,2025-10-16,268.73,Headphones,RUS01
1085,2025-10-16,110.78,Laptop,MUS01
1184,2025-10-16,410.95,Phone,KGL02
1107,2025-10-16,320.37,Monitor,KGL01
1215,2025-10-16,649.48,Printer,HYE01
1166,2025-10-16,631.38,Keyboard,HYE01
1015,2025-10-16,1004.18,Tablet,KGL02
1041,2025-10-16,1078.66,Printer,HYE01
1230,2025-10-16,818.31,Printer,RUS01
1340,2025-10-16,935.59,Laptop,HYE01
1264,2025-10-16,1029.92,Laptop,KGL02
1170,2025-10-16,412.1,Keyboard,KGL02
1122,2025-10-16,142.11,Tablet,KGL02
1209,2025-10-16,414.18,Headphones,KGL01
1000,2025-10-16,189.76,Printer,KGL02
1077,2025-10-16,679.0,Printer,MUS01
1108,2025-10-16,751.87,Phone,KGL01
1357,2025-10-17,114.83,Keyboard,MUS01
1332,2025-10-17,576.34,Tablet,KGL02
1004,2025-10-17,955.15,Phone,MUS01
1072,2025-10-17,956.61,Tablet,KGL01
1139,2025-10-17,581.97,Printer,KGL02
1092,2025-10-17,28.82,Printer,KGL01
1292,2025-10-17,334.85,Keyboard,MUS01
1223,2025-10-17,1165.01,Monitor,KGL02
1033,2025-10-17,157.3,Headphones,HYE01
1148,2025-10-17,192.25,Tablet,HYE01
1256,2025-10-17,812.99,Laptop,KGL02
1058,2025-10-17,400.4,Monitor,KGL01
1071,2025-10-17,521.93,Laptop,KGL02
1043,2025-10-17,1133.65,Monitor,MUS01
1364,2025-10-17,69.47,Laptop,KGL02
1220,2025-10-17,168.39,Mouse,MUS01
1016,2025-10-17,25.52,Mouse,RUS01
1229,2025-10-17,1124.02,Headphones,HYE01
1044,2025-10-17,60.99,Tablet,KGL02
1357,2025-10-17,624.99,Printer,MUS01
1357,2025-10-17,1140.67,Phone,KGL02
1090,2025-10-18,771.56,Monitor,KGL02
1033,2025-10-18,189.27,Mouse,HYE01
1266,2025-10-18,326.1,Printer,KGL01
1032,2025-10-18,313.06,Phone,MUS01
1097,2025-10-18,642.67,Monitor,KGL01
1132,2025-10-18,1107.51,Headphones,MUS01
1087,2025-10-18,666.44,Printer,RUS01
1162,2025-10-18,313.47,Tablet,MUS01
1210,2025-10-18,508.95,Keyboard,MUS01
1376,2025-10-18,1194.2,Monitor,KGL02
1377,2025-10-18,615.43,Keyboard,HYE01
1141,2025-10-18,278.28,Tablet,HYE01
1225,2025-10-18,1181.77,Headphones,KGL01
1082,2025-10-18,603.51,Keyboard,MUS01
1340,2025-10-18,43.78,Printer,KGL02
1391,2025-10-18,883.59,Tablet,MUS01
1372,2025-10-18,1185.29,Headphones,RUS01
1323,2025-10-18,848.33,Headphones,MUS01
1095,2025-10-18,684.16,Mouse,RUS01
1349,2025-10-18,753.16,Printer,HYE01
1231,2025-10-18,954.8,Mouse,KGL01
1288,2025-10-19,696.44,Phone,RUS01
1191,2025-10-19,228.82,Tablet,RUS01
1347,2025-10-19,53.32,Printer,KGL02
1238,2025-10-19,847.6,Tablet,KGL01
1267,2025-10-19,763.71,Mouse,RUS01
1265,2025-10-19,245.48,Phone,RUS01
1155,2025-10-19,1133.23,Printer,KGL02
1104,2025-10-19,13.88,Printer,RUS01
1380,2025-10-19,1180.76,Phone,RUS01
1347,2025-10-19,399.53,Headphones,HYE01
1382,2025-10-19,28.4,Tablet,MUS01
1090,2025-10-19,831.22,Headphones,HYE01
1030,2025-10-19,704.95,Headphones,KGL02
1354,2025-10-19,227.58,Laptop,RUS01
1373,2025-10-19,186.21,Monitor,MUS01
1027,2025-10-19,840.85,Phone,RUS01
1224,2025-10-19,1104.19,Tablet,KGL01
1232,2025-10-19,1171.87,Laptop,KGL01
1352,2025-10-19,702.57,Mouse,MUS01
1035,2025-10-19,450.21,Printer,KGL02
1218,2025-10-19,31.12,Tablet,KGL02
1087,2025-10-19,500.81,Printer,KGL01
1351,2025-10-19,157.66,Phone,KGL02
1154,2025-10-20,646.73,Keyboard,MUS01
1173,2025-10-20,58.79,Phone,KGL01
1282,2025-10-20,750.47,Mouse,RUS01
1247,2025-10-20,275.15,Printer,KGL01
1320,2025-10-20,1077.25,Tablet,HYE01
1161,2025-10-20,894.82,Headphones,KGL01
1178,2025-10-20,469.53,Monitor,RUS01
1168,2025-10-20,743.06,Keyboard,KGL01
1393,2025-10-20,519.56,Printer,HYE01
1298,2025-10-20,851.45,Keyboard,HYE01
1238,2025-10-20,1164.84,Monitor,RUS01
1380,2025-10-20,523.96,Mouse,HYE01
1212,2025-10-20,981.6,Keyboard,KGL01
1263,2025-10-20,333.1,Monitor,MUS01
1196,2025-10-20,192.05,Printer,RUS01
1225,2025-10-20,930.5,Printer,RUS01
1004,2025-10-20,153.62,Headphones,RUS01
1266,2025-10-20,234.01,Headphones,MUS01
1016,2025-10-20,443.18,Headphones,RUS01
1108,2025-10-20,237.3,Phone,KGL01
1157,2025-10-20,389.8,Phone,KGL01
1357,2025-10-20,872.52,Headphones,MUS01
1065,2025-10-20,878.77,Laptop,KGL01
1358,2025-10-20,160.08,Phone,KGL01
1048,2025-10-20,1142.42,Tablet,HYE01
1057,2025-10-20,844.3,Mouse,KGL01
1041,2025-10-20,568.14,Monitor,MUS01
1114,2025-10-20,335.15,Tablet,MUS01
1100,2025-10-20,561.09,Headphones,HYE01
1388,2025-10-20,615.32,Monitor,HYE01
1024,2025-10-21,777.66,Monitor,RUS01
1115,2025-10-21,1050.53,Mouse,KGL01
1113,2025-10-21,909.5,Laptop,MUS01
1218,2025-10-21,88.93,Printer,RUS01
1319,2025-10-21,164.3,Keyboard,MUS01
1343,2025-10-21,829.99,Laptop,KGL02
1198,2025-10-21,795.69,Printer,RUS01
1001,2025-10-21,615.2,Mouse,KGL02
1343,2025-10-21,562.0,Printer,MUS01
1141,2025-10-21,783.63,Laptop,KGL01
1058,2025-10-21,472.73,Mouse,KGL01
1170,2025-10-21,220.26,Laptop,HYE01
1386,2025-10-21,739.07,Keyboard,MUS01
1119,2025-10-21,105.36,Monitor,HYE01
1343,2025-10-21,146.86,Phone,MUS01
1075,2025-10-21,1153.6,Tablet,HYE01
1089,2025-10-21,367.01,Printer,KGL02
1208,2025-10-21,401.7,Mouse,KGL01
1305,2025-10-21,577.74,Tablet,KGL01
1196,2025-10-21,1149.48,Mouse,KGL02
1376,2025-10-21,921.71,Keyboard,MUS01
1179,2025-10-21,148.3,Headphones,RUS01
1351,2025-10-21,1173.78,Headphones,MUS01
1009,2025-10-22,278.94,Mouse,KGL02
1099,2025-10-22,51.83,Keyboard,HYE01
1015,2025-10-22,251.61,Printer,KGL01
1120,2025-10-22,504.82,Monitor,RUS01
1010,2025-10-22,255.99,Mouse,KGL02
1283,2025-10-22,456.02,Printer,RUS01
1290,2025-10-22,316.37,Phone,HYE01
1058,2025-10-22,254.83,Headphones,MUS01
1283,2025-10-22,1072.67,Printer,RUS01
1312,2025-10-22,149.14,Monitor,KGL02
1093,2025-10-22,222.85,Laptop,RUS01
1101,2025-10-22,1095.53,Phone,HYE01
1389,2025-10-22,595.08,Monitor,KGL02
1047,2025-10-22,1184.65,Printer,KGL01
1039,2025-10-22,568.46,Monitor,KGL01
1144,2025-10-22,48.78,Laptop,MUS01
1010,2025-10-22,913.93,Mouse,RUS01
1092,2025-10-22,779.38,Tablet,MUS01
1275,2025-10-23,1068.26,Mouse,HYE01
1168,2025-10-23,729.51,Mouse,KGL01
1363,2025-10-23,414.54,Tablet,RUS01
1111,2025-10-23,662.28,Headphones,MUS01
1238,2025-10-23,545.82,Mouse,HYE01
1134,2025-10-23,345.46,Phone,RUS01
1043,2025-10-23,864.31,Phone,HYE01
1320,2025-10-23,204.57,Mouse,KGL01
1378,2025-10-23,987.11,Phone,KGL02
1103,2025-10-23,370.76,Phone,HYE01
1052,2025-10-23,843.97,Phone,RUS01
1049,2025-10-23,609.53,Tablet,MUS01
1325,2025-10-23,144.03,Monitor,HYE01
1002,2025-10-23,487.85,Keyboard,RUS01
1010,2025-10-23,339.37,Monitor,MUS01
1041,2025-10-23,1060.24,Phone,MUS01
1148,2025-10-23,1128.87,Monitor,RUS01
1220,2025-10-23,978.4,Laptop,KGL02
1052,2025-10-23,875.52,Keyboard,HYE01
1104,2025-10-23,893.82,Phone,RUS01
1224,2025-10-23,253.47,Mouse,MUS01
1001,2025-10-23,236.43,Mouse,MUS01
1037,2025-10-23,983.83,Phone,RUS01
1107,2025-10-24,1018.67,Phone,KGL01
1276,2025-10-24,1065.52,Mouse,KGL02
1030,2025-10-24,1057.54,Monitor,HYE01
1355,2025-10-24,583.78,Monitor,KGL01
1271,2025-10-24,1092.48,Monitor,HYE01
1094,2025-10-24,14.64,Phone,MUS01
1101,2025-10-24,925.2,Tablet,RUS01
1342,2025-10-24,299.29,Monitor,MUS01
1317,2025-10-24,887.13,Monitor,KGL01
1013,2025-10-24,765.28,Phone,RUS01
1014,2025-10-24,822.76,Monitor,KGL01
1331,2025-10-24,714.93,Keyboard,KGL02
1253,2025-10-24,393.14,Monitor,MUS01
1061,2025-10-24,336.37,Printer,RUS01
1246,2025-10-25,472.42,Keyboard,RUS01
1094,2025-10-25,691.34,Phone,KGL01
1369,2025-10-25,709.33,Keyboard,RUS01
1142,2025-10-25,59.74,Printer,MUS01
1166,2025-10-25,588.94,Keyboard,HYE01
1213,2025-10-25,718.66,Monitor,RUS01
1343,2025-10-25,846.04,Mouse,MUS01
1337,2025-10-25,907.03,Printer,RUS01
1032,2025-10-25,543.94,Mouse,MUS01
1338,2025-10-25,1020.64,Printer,RUS01
1400,2025-10-25,929.25,Phone,HYE01
1315,2025-10-25,189.51,Printer,MUS01
1352,2025-10-25,239.82,Headphones,KGL01
1375,2025-10-25,672.89,Printer,KGL01
1069,2025-10-25,232.57,Laptop,RUS01
1356,2025-10-25,596.92,Mouse,MUS01
1369,2025-10-25,473.76,Mouse,KGL01
1391,2025-10-25,711.23,Phone,RUS01
1286,2025-10-25,491.65,Keyboard,RUS01
1086,2025-10-25,178.14,Headphones,KGL01
1001,2025-10-25,315.29,Mouse,HYE01
1266,2025-10-25,562.9,Laptop,KGL02
1214,2025-10-25,485.84,Printer,MUS01
1238,2025-10-26,923.87,Laptop,RUS01
1169,2025-10-26,236.31,Monitor,KGL02
1251,2025-10-26,892.16,Headphones,RUS01
1096,2025-10-26,1112.46,Tablet,MUS01
1038,2025-10-26,766.09,Headphones,MUS01
1363,2025-10-26,665.23,Tablet,MUS01
1256,2025-10-26,679.66,Headphones,KGL02
1173,2025-10-26,257.5,Printer,HYE01
1034,2025-10-26,171.79,Laptop,RUS01
1032,2025-10-26,374.85,Keyboard,HYE01
1217,2025-10-26,1092.29,Printer,KGL01
1124,2025-10-26,346.4,Phone,KGL01
1247,2025-10-26,755.05,Tablet,HYE01
1102,2025-10-26,1169.53,Mouse,MUS01
1014,2025-10-26,20.65,Laptop,MUS01
1125,2025-10-26,1190.88,Headphones,RUS01
1390,2025-10-26,22.9,Printer,KGL01
1310,2025-10-26,966.7,Tablet,KGL02
1134,2025-10-26,395.68,Keyboard,MUS01
1225,2025-10-26,190.76,Keyboard,MUS01
1110,2025-10-26,174.81,Tablet,RUS01
1201,2025-10-26,513.41,Headphones,KGL02
1156,2025-10-26,522.05,Phone,KGL01
1116,2025-10-26,465.81,Printer,RUS01
1005,2025-10-26,1002.69,Laptop,RUS01
1283,2025-10-26,806.92,Mouse,MUS01
1335,2025-10-27,604.31,Monitor,HYE01
1304,2025-10-27,1056.15,Mouse,HYE01
1214,2025-10-27,371.47,Laptop,RUS01
1323,2025-10-27,973.49,Laptop,MUS01
1151,2025-10-27,630.13,Phone,MUS01
1023,2025-10-27,640.4,Phone,RUS01
1112,2025-10-27,112.15,Mouse,MUS01
1362,2025-10-27,862.32,Printer,KGL02
1347,2025-10-27,259.26,Tablet,MUS01
1400,2025-10-27,545.64,Laptop,RUS01
1140,2025-10-27,900.52,Mouse,KGL02
1100,2025-10-27,718.08,Tablet,MUS01
1029,2025-10-27,691.76,Keyboard,RUS01
1093,2025-10-27,871.13,Monitor,KGL01
1167,2025-10-27,1124.21,Tablet,KGL01
1128,2025-10-27,1120.75,Tablet,RUS01
1025,2025-10-27,27.94,Printer,RUS01
1208,2025-10-27,724.12,Printer,HYE01
1274,2025-10-27,152.33,Phone,KGL02
1166,2025-10-27,71.03,Printer,RUS01
1314,2025-10-27,980.78,Tablet,RUS01
1258,2025-10-27,1156.47,Keyboard,MUS01
1058,2025-10-27,855.88,Headphones,KGL02
1073,2025-10-27,566.2,Headphones,KGL01
1246,2025-10-27,125.79,Keyboard,KGL01
1056,2025-10-28,418.46,Phone,RUS01
1050,2025-10-28,391.5,Printer,MUS01
1038,2025-10-28,950.85,Headphones,MUS01
1218,2025-10-28,623.19,Monitor,RUS01
1059,2025-10-28,75.11,Keyboard,MUS01
1241,2025-10-28,1095.09,Keyboard,MUS01
1253,2025-10-28,934.8,Mouse,RUS01
1395,2025-10-28,76.29,Printer,RUS01
1361,2025-10-28,219.35,Printer,MUS01
1399,2025-10-28,30.07,Printer,HYE01
1341,2025-10-28,417.64,Printer,HYE01
1184,2025-10-28,173.28,Monitor,KGL02
1195,2025-10-28,34.45,Laptop,KGL02
1026,2025-10-28,66.31,Printer,MUS01
1107,2025-10-28,820.82,Mouse,HYE01
1325,2025-10-28,411.09,Laptop,HYE01
1034,2025-10-28,1108.09,Laptop,KGL02
1341,2025-10-28,956.51,Phone,HYE01
1053,2025-10-28,165.59,Phone,KGL02
1239,2025-10-28,957.87,Tablet,KGL01
1382,2025-10-28,24.87,Monitor,KGL01
1218,2025-10-28,1066.37,Keyboard,KGL02
1121,2025-10-28,492.21,Phone,KGL02
1008,2025-10-29,801.04,Keyboard,RUS01
1067,2025-10-29,883.49,Laptop,MUS01
1268,2025-10-29,573.82,Printer,KGL01
1267,2025-10-29,26.29,Printer,MUS01
1365,2025-10-29,35.99,Headphones,KGL02
1012,2025-10-29,340.65,Phone,MUS01
1240,2025-10-29,620.14,Mouse,KGL02
1243,2025-10-29,921.92,Phone,HYE01
1015,2025-10-29,577.66,Printer,RUS01
1215,2025-10-29,891.54,Phone,KGL01
1050,2025-10-29,979.43,Monitor,HYE01
1372,2025-10-29,573.1,Laptop,MUS01
1113,2025-10-29,873.85,Printer,MUS01
1053,2025-10-29,954.96,Keyboard,MUS01
1147,2025-10-29,860.1,Mouse,HYE01
1190,2025-10-29,1110.89,Mouse,MUS01
1073,2025-10-29,295.53,Laptop,KGL02
1389,2025-10-29,898.09,Phone,KGL02
1325,2025-10-29,708.37,Laptop,MUS01
1233,2025-10-29,821.08,Printer,KGL02
1353,2025-10-29,223.6,Monitor,KGL01
1092,2025-10-29,219.28,Phone,KGL01
1102,2025-10-30,1040.29,Laptop,RUS01
1009,2025-10-30,861.89,Monitor,MUS01
1031,2025-10-30,77.85,Laptop,MUS01
1138,2025-10-30,448.91,Headphones,RUS01
1029,2025-10-30,1040.12,Keyboard,HYE01
1315,2025-10-30,655.58,Tablet,KGL01
1308,2025-10-30,502.46,Headphones,KGL01
1150,2025-10-30,945.77,Headphones,KGL01
1371,2025-10-30,173.57,Tablet,HYE01
1225,2025-10-30,428.14,Monitor,RUS01
1368,2025-10-30,1075.58,Mouse,HYE01
1084,2025-10-30,456.48,Headphones,MUS01
1038,2025-10-30,1104.83,Tablet,KGL01
1355,2025-10-30,635.63,Phone,MUS01
1030,2025-10-30,198.04,Laptop,RUS01
1065,2025-10-30,85.39,Phone,RUS01
1338,2025-10-30,1105.47,Phone,HYE01
1145,2025-10-30,395.0,Mouse,RUS01
1074,2025-10-30,56.51,Tablet,KGL01
1223,2025-10-30,599.22,Tablet,KGL02
1250,2025-10-30,701.82,Mouse,HYE01
1317,2025-10-30,254.17,Laptop,KGL01
1083,2025-10-30,249.19,Keyboard,KGL02
1028,2025-10-30,112.24,Mouse,KGL01
1107,2025-10-30,1135.81,Headphones,MUS01
1269,2025-10-31,437.28,Keyboard,KGL02
1174,2025-10-31,551.9,Laptop,MUS01
1103,2025-10-31,421.86,Phone,MUS01
1318,2025-10-31,24.25,Mouse,MUS01
1246,2025-10-31,790.18,Phone,KGL01
1196,2025-10-31,555.6,Monitor,KGL02
1096,2025-10-31,1175.49,Keyboard,RUS01
1183,2025-10-31,402.51,Phone,HYE01
1372,2025-10-31,985.65,Phone,KGL01
1362,2025-10-31,783.09,Printer,HYE01
1110,2025-10-31,612.37,Headphones,RUS01
1109,2025-10-31,632.62,Laptop,MUS01
1007,2025-10-31,1170.87,Keyboard,KGL02
1168,2025-10-31,444.82,Monitor,KGL01
1217,2025-10-31,446.82,Mouse,KGL02
1090,2025-10-31,298.58,Monitor,KGL01
1143,2025-10-31,28.76,Keyboard,HYE01
1205,2025-11-01,193.89,Printer,MUS01
1129,2025-11-01,698.32,Laptop,KGL02
1134,2025-11-01,602.71,Printer,MUS01
1345,2025-11-01,1108.75,Monitor,KGL02
1086,2025-11-01,894.25,Laptop,MUS01
1213,2025-11-01,54.15,Headphones,KGL02
1084,2025-11-01,216.25,Tablet,HYE01
1024,2025-11-01,573.68,Mouse,KGL02
1010,2025-11-01,461.47,Headphones,RUS01
1052,2025-11-01,922.14,Phone,KGL02
1154,2025-11-01,270.6,Laptop,RUS01
1201,2025-11-01,778.08,Phone,MUS01
1337,2025-11-01,1072.32,Monitor,KGL01
1241,2025-11-01,814.7,Mouse,HYE01
1309,2025-11-01,1051.68,Phone,MUS01
1008,2025-11-01,943.36,Printer,KGL01
1109,2025-11-01,814.56,Keyboard,MUS01
1153,2025-11-01,683.48,Keyboard,HYE01
1342,2025-11-01,1039.03,Keyboard,RUS01
1325,2025-11-01,756.24,Printer,MUS01
1137,2025-11-01,247.05,Tablet,RUS01
1120,2025-11-01,199.42,Keyboard,KGL01
1076,2025-11-01,830.3,Headphones,KGL01
1358,2025-11-02,662.02,Keyboard,KGL01
1271,2025-11-02,73.89,Headphones,KGL01
1286,2025-11-02,400.43,Phone,HYE01
1124,2025-11-02,49.66,Tablet,RUS01
1201,2025-11-02,65.41,Tablet,MUS01
1048,2025-11-02,1198.32,Printer,KGL02
1233,2025-11-02,1140.67,Laptop,MUS01
1061,2025-11-02,351.52,Headphones,KGL02
1275,2025-11-02,94.17,Keyboard,KGL01
1393,2025-11-02,1145.8,Mouse,HYE01
1318,2025-11-02,484.55,Printer,RUS01
1223,2025-11-02,523.9,Tablet,MUS01
1390,2025-11-02,1100.04,Tablet,KGL02
1114,2025-11-02,261.28,Printer,KGL02
1278,2025-11-02,430.45,Keyboard,RUS01
1260,2025-11-02,1144.56,Tablet,HYE01
1365,2025-11-02,716.61,Keyboard,MUS01
1261,2025-11-02,400.75,Printer,RUS01
1182,2025-11-02,907.18,Printer,RUS01
1323,2025-11-02,187.23,Monitor,KGL02
1235,2025-11-02,436.87,Printer,KGL01
1290,2025-11-03,763.81,Monitor,KGL01
1350,2025-11-03,1139.15,Tablet,MUS01
1111,2025-11-03,432.5,Headphones,KGL01
1236,2025-11-03,835.15,Laptop,MUS01
1300,2025-11-03,170.95,Mouse,RUS01
1281,2025-11-03,494.55,Laptop,HYE01
1311,2025-11-03,964.72,Mouse,KGL02
1366,2025-11-03,100.4,Tablet,KGL02
1102,2025-11-03,881.0,Monitor,MUS01
1285,2025-11-03,1147.22,Printer,HYE01
1255,2025-11-03,815.02,Mouse,KGL02
1186,2025-11-03,392.46,Laptop,MUS01
1326,2025-11-03,261.9,Monitor,RUS01
1160,2025-11-03,90.34,Monitor,KGL01
1208,2025-11-03,843.68,Monitor,KGL02
1283,2025-11-03,444.07,Printer,KGL01
1284,2025-11-03,320.34,Tablet,MUS01
1074,2025-11-03,48.72,Headphones,KGL02
1111,2025-11-03,18.85,Headphones,KGL01
1201,2025-11-03,545.68,Mouse,HYE01
1026,2025-11-03,398.05,Printer,KGL01
1010,2025-11-03,1179.32,Phone,KGL02
1098,2025-11-03,1131.61,Mouse,MUS01
1064,2025-11-03,625.48,Printer,KGL01
1190,2025-11-03,714.93,Phone,KGL02
1040,2025-11-03,673.31,Keyboard,KGL01
1261,2025-11-04,422.48,Keyboard,KGL01
1089,2025-11-04,56.12,Headphones,HYE01
1072,2025-11-04,791.09,Keyboard,HYE01
1156,2025-11-04,470.53,Phone,KGL01
1060,2025-11-04,117.31,Keyboard,MUS01
1196,2025-11-04,961.99,Mouse,RUS01
1099,2025-11-04,222.1,Monitor,KGL02
1191,2025-11-04,409.51,Keyboard,KGL02
1344,2025-11-04,903.23,Laptop,HYE01
1335,2025-11-04,1189.43,Tablet,MUS01
1017,2025-11-04,384.21,Laptop,KGL01
1134,2025-11-04,287.93,Printer,RUS01
1259,2025-11-04,894.08,Keyboard,MUS01
1063,2025-11-04,1113.33,Monitor,MUS01
1268,2025-11-04,273.75,Monitor,RUS01
1207,2025-11-04,908.24,Tablet,KGL02
1075,2025-11-04,1086.35,Keyboard,HYE01
1282,2025-11-04,907.66,Laptop,KGL01
1205,2025-11-04,1141.34,Keyboard,KGL02
1117,2025-11-04,452.15,Monitor,KGL02
1053,2025-11-04,1177.98,Mouse,HYE01
1125,2025-11-04,900.04,Printer,RUS01
1086,2025-11-04,423.24,Printer,MUS01
1139,2025-11-04,883.26,Mouse,KGL01
1226,2025-11-04,756.71,Monitor,KGL01
1154,2025-11-04,943.67,Phone,HYE01
1220,2025-11-05,518.22,Laptop,RUS01
1139,2025-11-05,512.01,Tablet,KGL01
1182,2025-11-05,767.17,Printer,MUS01
1376,2025-11-05,373.32,Phone,MUS01
1015,2025-11-05,501.67,Phone,MUS01
1381,2025-11-05,918.14,Headphones,KGL02
1030,2025-11-05,11.69,Mouse,KGL02
1322,2025-11-05,406.22,Monitor,KGL02
1349,2025-11-05,445.57,Headphones,HYE01
1394,2025-11-05,391.28,Tablet,MUS01
1196,2025-11-05,952.79,Laptop,KGL02
1196,2025-11-05,510.74,Tablet,MUS01
1170,2025-11-05,515.74,Monitor,HYE01
1168,2025-11-05,13.03,Monitor,HYE01
1085,2025-11-05,96.05,Tablet,RUS01
1346,2025-11-05,160.51,Monitor,KGL01
1370,2025-11-05,268.99,Monitor,KGL02
1137,2025-11-05,1037.58,Keyboard,KGL01
1226,2025-11-05,590.48,Tablet,MUS01
1196,2025-11-05,926.04,Mouse,KGL02
1226,2025-11-05,871.55,Mouse,RUS01
1018,2025-11-05,309.46,Keyboard,RUS01
1255,2025-11-05,1163.96,Printer,KGL02
1098,2025-11-05,1087.85,Phone,HYE01
1221,2025-11-05,257.17,Tablet,HYE01
1121,2025-11-05,893.54,Monitor,KGL02
1007,2025-11-05,758.0,Laptop,HYE01
1084,2025-11-05,806.68,Monitor,MUS01
1011,2025-11-06,443.95,Phone,MUS01
1232,2025-11-06,778.32,Monitor,HYE01
1264,2025-11-06,219.02,Mouse,HYE01
1192,2025-11-06,892.74,Phone,RUS01
1022,2025-11-06,440.87,Mouse,HYE01
1290,2025-11-06,405.17,Tablet,HYE01
1328,2025-11-06,67.49,Mouse,KGL01
1115,2025-11-06,1176.23,Printer,KGL02
1319,2025-11-06,264.23,Monitor,KGL02
1204,2025-11-06,290.7,Monitor,KGL01
1061,2025-11-06,412.41,Laptop,RUS01
1065,2025-11-06,424.48,Mouse,HYE01
1285,2025-11-06,1187.34,Laptop,RUS01
1389,2025-11-06,440.61,Printer,RUS01
1028,2025-11-06,166.89,Printer,KGL01
1316,2025-11-06,966.4,Mouse,KGL02
1172,2025-11-06,1007.82,Keyboard,KGL01
1064,2025-11-06,602.76,Keyboard,MUS01
1203,2025-11-06,800.5,Laptop,KGL01
1009,2025-11-06,978.22,Tablet,HYE01
1288,2025-11-06,472.48,Headphones,HYE01
1245,2025-11-06,117.15,Printer,RUS01
1399,2025-11-06,338.98,Laptop,RUS01
1320,2025-11-06,132.56,Printer,HYE01
1299,2025-11-06,549.5,Tablet,KGL02
1016,2025-11-06,760.47,Monitor,MUS01
1146,2025-11-07,1083.72,Mouse,KGL02
1390,2025-11-07,431.22,Laptop,RUS01
1251,2025-11-07,709.11,Mouse,MUS01
1101,2025-11-07,1189.37,Printer,RUS01
1067,2025-11-07,52.33,Laptop,MUS01
1175,2025-11-07,106.91,Phone,KGL02
1309,2025-11-07,108.99,Mouse,KGL01
1302,2025-11-07,1093.78,Monitor,RUS01
1262,2025-11-07,298.15,Laptop,KGL01
1344,2025-11-07,1123.79,Monitor,HYE01
1344,2025-11-07,243.71,Laptop,RUS01
1141,2025-11-07,890.18,Headphones,KGL02
1371,2025-11-07,748.42,Keyboard,RUS01
1165,2025-11-07,661.83,Phone,HYE01
1156,2025-11-07,345.58,Headphones,KGL02
1245,2025-11-07,470.46,Monitor,HYE01
1116,2025-11-07,1163.25,Laptop,KGL01
1022,2025-11-07,1031.28,Keyboard,KGL01
1146,2025-11-07,450.11,Headphones,KGL02
1082,2025-11-07,980.54,Tablet,HYE01
1081,2025-11-07,509.43,Printer,KGL02
1302,2025-11-07,747.79,Printer,RUS01
1367,2025-11-07,102.84,Printer,MUS01
1330,2025-11-07,873.0,Keyboard,KGL02
1261,2025-11-07,422.15,Tablet,MUS01
1119,2025-11-07,478.14,Phone,HYE01
1100,2025-11-07,28.2,Phone,KGL01
1001,2025-11-07,740.17,Printer,HYE01
1350,2025-11-07,748.31,Laptop,RUS01
1007,2025-11-07,742.63,Monitor,KGL01
1185,2025-11-07,789.4,Laptop,MUS01
1233,2025-11-07,1188.17,Laptop,KGL01
1164,2025-11-08,670.78,Headphones,RUS01
1006,2025-11-08,725.58,Tablet,KGL01
1152,2025-11-08,252.76,Printer,HYE01
1318,2025-11-08,643.85,Printer,KGL01
1102,2025-11-08,476.74,Tablet,KGL02
1180,2025-11-08,416.62,Keyboard,MUS01
1036,2025-11-08,756.57,Laptop,RUS01
1318,2025-11-08,10.38,Phone,KGL02
1366,2025-11-08,280.55,Keyboard,HYE01
1325,2025-11-08,1041.08,Mouse,KGL01
1339,2025-11-08,702.72,Phone,HYE01
1179,2025-11-08,587.93,Mouse,RUS01
1241,2025-11-08,24.49,Tablet,RUS01
1106,2025-11-08,846.31,Laptop,RUS01
1293,2025-11-08,339.88,Monitor,KGL02
1175,2025-11-08,632.77,Laptop,HYE01
1212,2025-11-08,605.03,Laptop,HYE01
1209,2025-11-08,993.16,Tablet,KGL01
1306,2025-11-09,594.57,Printer,KGL01
1325,2025-11-09,473.1,Tablet,KGL01
1039,2025-11-09,538.17,Keyboard,KGL02
1185,2025-11-09,543.0,Mouse,RUS01
1334,2025-11-09,672.56,Monitor,KGL01
1210,2025-11-09,815.86,Mouse,MUS01
1019,2025-11-09,921.7,Monitor,KGL01
1175,2025-11-09,128.66,Printer,KGL01
1231,2025-11-09,36.53,Phone,KGL01
1090,2025-11-09,341.78,Mouse,HYE01
1332,2025-11-09,761.08,Headphones,RUS01
1201,2025-11-09,471.81,Phone,KGL02
1211,2025-11-09,1004.63,Tablet,KGL02
1167,2025-11-09,776.56,Tablet,HYE01
1214,2025-11-09,719.02,Keyboard,KGL01
1372,2025-11-09,657.86,Headphones,RUS01
1394,2025-11-09,980.73,Monitor,HYE01
1319,2025-11-09,747.01,Tablet,RUS01
1335,2025-11-09,36.1,Printer,KGL02
1321,2025-11-09,1005.82,Laptop,HYE01
1131,2025-11-10,173.46,Headphones,KGL02
1007,2025-11-10,1183.35,Headphones,HYE01
1004,2025-11-10,1172.67,Tablet,RUS01
1183,2025-11-10,948.3,Monitor,MUS01
1161,2025-11-10,1056.54,Headphones,HYE01
1058,2025-11-10,260.36,Keyboard,KGL02
1257,2025-11-10,451.46,Keyboard,KGL02
1166,2025-11-10,1125.25,Keyboard,KGL02
1101,2025-11-10,642.92,Printer,HYE01
1300,2025-11-10,123.51,Monitor,KGL01
1170,2025-11-10,402.84,Mouse,RUS01
1009,2025-11-10,516.15,Keyboard,KGL01
1270,2025-11-10,483.4,Tablet,KGL01
1358,2025-11-10,200.57,Printer,HYE01
1330,2025-11-10,579.14,Monitor,KGL01
1239,2025-11-10,1104.38,Tablet,KGL01
1311,2025-11-10,860.71,Tablet,MUS01
1113,2025-11-10,107.72,Monitor,KGL02
1179,2025-11-10,90.31,Monitor,HYE01
1387,2025-11-11,505.59,Mouse,RUS01
1211,2025-11-11,24.46,Keyboard,HYE01
1351,2025-11-11,155.99,Laptop,KGL01
1141,2025-11-11,532.0,Mouse,MUS01
1003,2025-11-11,146.55,Phone,MUS01
1396,2025-11-11,181.31,Laptop,KGL02
1087,2025-11-11,66.49,Printer,RUS01
1093,2025-11-11,1092.33,Mouse,KGL01
1012,2025-11-11,487.38,Keyboard,KGL02
1364,2025-11-11,345.08,Phone,HYE01
1330,2025-11-11,1158.12,Phone,KGL02
1157,2025-11-11,391.29,Monitor,KGL02
1310,2025-11-11,78.48,Tablet,HYE01
1193,2025-11-11,1006.54,Monitor,RUS01
1163,2025-11-11,541.92,Headphones,KGL01
1065,2025-11-11,69.75,Monitor,HYE01
1107,2025-11-11,516.21,Printer,KGL02
1380,2025-11-11,953.95,Monitor,HYE01
1285,2025-11-11,293.87,Printer,KGL01
1067,2025-11-11,849.95,Keyboard,HYE01
1137,2025-11-11,649.46,Tablet,RUS01
1279,2025-11-11,885.96,Tablet,MUS01
1076,2025-11-11,1025.72,Headphones,HYE01
1287,2025-11-11,152.67,Tablet,MUS01
1314,2025-11-12,928.46,Tablet,KGL02
1208,2025-11-12,309.9,Phone,KGL01
1343,2025-11-12,620.56,Tablet,MUS01
1116,2025-11-12,140.65,Phone,RUS01
1198,2025-11-12,718.78,Headphones,RUS01
1337,2025-11-12,1181.1,Tablet,KGL01
1350,2025-11-12,993.2,Keyboard,KGL01
1386,2025-11-12,600.88,Tablet,HYE01
1238,2025-11-12,1133.15,Phone,KGL02
1119,2025-11-12,786.37,Keyboard,KGL01
1071,2025-11-12,968.05,Printer,KGL01
1231,2025-11-12,396.1,Tablet,HYE01
1137,2025-11-12,105.51,Monitor,HYE01
1087,2025-11-12,534.75,Laptop,RUS01
1334,2025-11-12,147.85,Mouse,KGL01
1155,2025-11-12,1029.99,Tablet,KGL02
1014,2025-11-12,1185.86,Printer,MUS01
1035,2025-11-12,1032.58,Headphones,KGL01
1300,2025-11-12,938.21,Laptop,RUS01
1112,2025-11-12,694.87,Headphones,MUS01
1363,2025-11-13,635.95,Phone,KGL02
1208,2025-11-13,343.75,Mouse,MUS01
1186,2025-11-13,999.13,Tablet,MUS01
1368,2025-11-13,806.39,Tablet,KGL01
1361,2025-11-13,869.26,Phone,MUS01
1338,2025-11-13,856.86,Printer,KGL01
1367,2025-11-13,806.58,Printer,HYE01
1363,2025-11-13,833.02,Mouse,KGL02
1033,2025-11-13,1151.07,Headphones,HYE01
1330,2025-11-13,314.3,Tablet,HYE01
1306,2025-11-13,228.45,Printer,RUS01
1369,2025-11-13,916.48,Monitor,KGL01
1325,2025-11-13,215.56,Printer,KGL01
1333,2025-11-13,172.71,Mouse,HYE01
1357,2025-11-13,47.73,Laptop,MUS01
1210,2025-11-13,581.31,Keyboard,MUS01
1125,2025-11-13,63.84,Monitor,RUS01
1379,2025-11-13,501.75,Headphones,RUS01
1041,2025-11-13,722.25,Monitor,MUS01
1069,2025-11-13,1023.52,Phone,HYE01
1140,2025-11-13,1073.98,Headphones,KGL02
1019,2025-11-14,166.33,Monitor,HYE01
1154,2025-11-14,521.67,Printer,KGL01
1105,2025-11-14,845.18,Mouse,KGL02
1331,2025-11-14,338.42,Monitor,KGL01
1053,2025-11-14,1109.93,Monitor,KGL01
1361,2025-11-14,152.96,Keyboard,RUS01
1153,2025-11-14,592.98,Tablet,KGL02
1260,2025-11-14,891.86,Tablet,MUS01
1285,2025-11-14,145.61,Tablet,KGL02
1342,2025-11-14,963.95,Headphones,MUS01
1368,2025-11-14,799.98,Mouse,MUS01
1189,2025-11-14,213.58,Keyboard,KGL01
1007,2025-11-14,474.88,Keyboard,KGL02
1185,2025-11-14,564.23,Monitor,KGL02
1347,2025-11-14,1128.26,Monitor,RUS01
1104,2025-11-14,182.83,Printer,KGL01
1055,2025-11-14,1124.72,Printer,HYE01
1151,2025-11-14,153.32,Keyboard,RUS01
1111,2025-11-14,484.98,Tablet,MUS01
1281,2025-11-14,644.08,Headphones,HYE01
1312,2025-11-14,614.83,Headphones,KGL02
1315,2025-11-14,194.44,Tablet,RUS01
1303,2025-11-14,936.83,Keyboard,KGL02
1113,2025-11-15,1177.26,Printer,MUS01
1102,2025-11-15,631.29,Tablet,HYE01
1213,2025-11-15,893.5,Phone,RUS01
1245,2025-11-15,733.86,Laptop,MUS01
1095,2025-11-15,88.28,Printer,RUS01
1166,2025-11-15,381.19,Keyboard,RUS01
1132,2025-11-15,1050.73,Printer,KGL02
1358,2025-11-15,847.78,Phone,HYE01
1164,2025-11-15,1146.94,Monitor,HYE01
1057,2025-11-15,811.3,Monitor,MUS01
1022,2025-11-15,236.93,Monitor,MUS01
1382,2025-11-15,485.6,Monitor,RUS01
1196,2025-11-15,710.44,Tablet,HYE01
1328,2025-11-15,480.12,Monitor,RUS01
1045,2025-11-15,100.25,Tablet,KGL02
1123,2025-11-15,1171.6,Headphones,MUS01
1344,2025-11-16,1006.07,Monitor,RUS01
1224,2025-11-16,571.63,Phone,HYE01
1288,2025-11-16,880.67,Printer,HYE01
1080,2025-11-16,387.71,Printer,KGL01
1041,2025-11-16,108.05,Phone,KGL01
1146,2025-11-16,47.4,Headphones,MUS01
1050,2025-11-16,371.69,Mouse,KGL01
1200,2025-11-16,883.94,Monitor,MUS01
1240,2025-11-16,979.9,Printer,HYE01
1379,2025-11-16,862.37,Keyboard,KGL02
1270,2025-11-16,867.98,Phone,KGL01
1191,2025-11-16,235.03,Laptop,KGL01
1102,2025-11-16,252.24,Keyboard,RUS01
1364,2025-11-16,709.83,Phone,KGL02
1264,2025-11-16,150.32,Mouse,RUS01
1349,2025-11-16,316.37,Keyboard,RUS01
1322,2025-11-16,1041.72,Tablet,MUS01
1255,2025-11-16,1189.6,Headphones,KGL01
1395,2025-11-16,50.5,Phone,KGL02
1211,2025-11-17,553.31,Phone,KGL01
1001,2025-11-17,630.32,Monitor,KGL01
1142,2025-11-17,644.45,Keyboard,RUS01
1358,2025-11-17,932.06,Monitor,KGL02
1200,2025-11-17,346.45,Phone,RUS01
1011,2025-11-17,482.34,Headphones,HYE01
1263,2025-11-17,972.58,Monitor,KGL02
1147,2025-11-17,514.73,Keyboard,KGL01
1138,2025-11-17,174.3,Monitor,KGL02
1302,2025-11-17,1195.27,Monitor,MUS01
1021,2025-11-17,925.75,Headphones,MUS01
1300,2025-11-17,918.85,Monitor,MUS01
1330,2025-11-17,1000.38,Printer,MUS01
1089,2025-11-17,350.17,Mouse,KGL02
1131,2025-11-17,371.53,Printer,HYE01
1196,2025-11-17,342.27,Printer,KGL01
1238,2025-11-17,792.23,Printer,MUS01
1047,2025-11-17,58.51,Mouse,MUS01
1191,2025-11-17,414.88,Tablet,MUS01
1320,2025-11-17,535.48,Laptop,HYE01
1181,2025-11-17,581.33,Mouse,KGL02
1138,2025-11-17,236.51,Phone,KGL01
1357,2025-11-18,791.5,Laptop,HYE01
1369,2025-11-18,535.74,Monitor,MUS01
1388,2025-11-18,264.23,Monitor,RUS01
1156,2025-11-18,695.96,Tablet,MUS01
1021,2025-11-18,1122.06,Tablet,KGL01
1007,2025-11-18,1021.13,Phone,HYE01
1104,2025-11-18,358.29,Headphones,RUS01
1157,2025-11-18,823.32,Mouse,MUS01
1000,2025-11-18,675.13,Monitor,MUS01
1099,2025-11-18,800.32,Phone,KGL01
1001,2025-11-18,204.86,Keyboard,HYE01
1036,2025-11-18,325.01,Phone,RUS01
1296,2025-11-18,590.25,Tablet,KGL01
1206,2025-11-18,572.81,Phone,KGL01
1162,2025-11-18,281.68,Phone,KGL02
1377,2025-11-18,957.93,Monitor,HYE01
1000,2025-11-18,128.19,Printer,MUS01
1026,2025-11-18,858.65,Mouse,MUS01
1343,2025-11-18,1177.84,Tablet,MUS01
1238,2025-11-18,884.29,Headphones,KGL01
1043,2025-11-18,883.06,Headphones,HYE01
1072,2025-11-18,1199.39,Printer,KGL01
1248,2025-11-18,985.21,Keyboard,KGL01
1131,2025-11-18,889.09,Keyboard,KGL02
1098,2025-11-19,360.39,Mouse,KGL01
1121,2025-11-19,338.78,Tablet,MUS01
1188,2025-11-19,774.44,Monitor,KGL01
1389,2025-11-19,350.22,Printer,KGL02
1201,2025-11-19,928.37,Headphones,HYE01
1219,2025-11-19,485.52,Mouse,RUS01
1293,2025-11-19,481.85,Mouse,RUS01
1128,2025-11-19,714.09,Phone,KGL01
1357,2025-11-19,679.09,Headphones,HYE01
1378,2025-11-19,982.24,Printer,KGL01
1336,2025-11-19,251.58,Phone,KGL01
1383,2025-11-19,399.92,Monitor,KGL01
1103,2025-11-19,474.5,Monitor,HYE01
1342,2025-11-19,444.29,Phone,KGL02
1226,2025-11-19,1145.04,Monitor,KGL01
1017,2025-11-19,611.42,Monitor,KGL02
1062,2025-11-19,393.13,Mouse,KGL02
1352,2025-11-19,525.58,Keyboard,MUS01
1155,2025-11-19,777.77,Laptop,KGL02
1190,2025-11-19,698.41,Phone,MUS01
1065,2025-11-19,613.92,Headphones,KGL01
1071,2025-11-19,73.66,Tablet,RUS01
1178,2025-11-19,860.22,Laptop,RUS01
1132,2025-11-19,848.42,Printer,HYE01
1245,2025-11-19,200.47,Monitor,HYE01
1022,2025-11-19,1122.24,Laptop,HYE01
1371,2025-11-19,190.99,Laptop,RUS01
1189,2025-11-19,389.06,Phone,KGL01
1346,2025-11-19,256.28,Printer,RUS01
1180,2025-11-20,356.88,Laptop,MUS01
1096,2025-11-20,62.12,Printer,MUS01
1301,2025-11-20,24.54,Phone,KGL01
1346,2025-11-20,771.52,Monitor,MUS01
1306,2025-11-20,77.13,Keyboard,KGL02
1245,2025-11-20,1017.11,Laptop,MUS01
1065,2025-11-20,976.81,Headphones,KGL02
1239,2025-11-20,628.15,Laptop,HYE01
1388,2025-11-20,1008.94,Monitor,KGL01
1335,2025-11-20,374.88,Laptop,KGL02
1275,2025-11-20,36.95,Headphones,HYE01
1075,2025-11-20,863.81,Mouse,KGL01
1058,2025-11-20,732.91,Mouse,RUS01
1393,2025-11-20,1176.23,Tablet,MUS01
1099,2025-11-20,1193.62,Mouse,KGL02
1117,2025-11-20,900.05,Laptop,KGL01
1037,2025-11-20,930.66,Laptop,HYE01
1054,2025-11-20,415.64,Keyboard,KGL02
1154,2025-11-20,755.01,Headphones,KGL02
1082,2025-11-20,876.59,Printer,KGL02
1317,2025-11-20,282.73,Mouse,KGL02
1323,2025-11-20,883.2,Tablet,KGL02
1154,2025-11-20,243.24,Keyboard,HYE01
1307,2025-11-20,534.47,Phone,RUS01
1375,2025-11-21,907.1,Monitor,MUS01
1112,2025-11-21,363.24,Printer,MUS01
1188,2025-11-21,1028.1,Mouse,MUS01
1043,2025-11-21,499.89,Printer,KGL02
1294,2025-11-21,1109.14,Tablet,RUS01
1122,2025-11-21,56.91,Keyboard,RUS01
1294,2025-11-21,535.36,Monitor,RUS01
1227,2025-11-21,825.83,Laptop,MUS01
1156,2025-11-21,1173.65,Tablet,MUS01
1025,2025-11-21,167.37,Printer,KGL01
1086,2025-11-21,753.39,Printer,KGL01
1307,2025-11-21,35.77,Tablet,HYE01
1206,2025-11-21,662.26,Headphones,KGL02
1102,2025-11-21,76.73,Keyboard,KGL01
1231,2025-11-21,1166.87,Headphones,KGL01
1143,2025-11-21,508.79,Printer,HYE01
1211,2025-11-21,16.27,Mouse,HYE01
1005,2025-11-21,178.21,Printer,MUS01
1013,2025-11-21,728.76,Phone,KGL02
1269,2025-11-22,43.28,Phone,KGL01
1339,2025-11-22,1022.42,Laptop,KGL02
1094,2025-11-22,1035.82,Laptop,MUS01
1315,2025-11-22,376.31,Headphones,KGL01
1016,2025-11-22,340.64,Headphones,RUS01
1246,2025-11-22,945.49,Laptop,RUS01
1167,2025-11-22,499.7,Phone,MUS01
1171,2025-11-22,501.86,Phone,KGL01
1300,2025-11-22,1079.59,Mouse,KGL02
1337,2025-11-22,973.91,Printer,KGL01
1139,2025-11-22,465.56,Keyboard,MUS01
1345,2025-11-22,534.19,Mouse,MUS01
1269,2025-11-22,603.52,Keyboard,HYE01
1388,2025-11-22,924.33,Keyboard,HYE01
1198,2025-11-22,335.62,Headphones,HYE01
1076,2025-11-22,562.61,Monitor,KGL01
1352,2025-11-22,471.27,Mouse,HYE01
1176,2025-11-22,290.63,Headphones,HYE01
1227,2025-11-22,839.51,Tablet,MUS01
1178,2025-11-23,682.32,Laptop,RUS01
1112,2025-11-23,1069.33,Mouse,RUS01
1064,2025-11-23,836.66,Headphones,KGL02
1400,2025-11-23,922.97,Tablet,KGL02
1353,2025-11-23,283.02,Laptop,MUS01
1202,2025-11-23,844.45,Monitor,HYE01
1178,2025-11-23,1147.04,Laptop,MUS01
1006,2025-11-23,856.57,Tablet,MUS01
1211,2025-11-23,426.09,Laptop,HYE01
1141,2025-11-23,938.32,Tablet,RUS01
1057,2025-11-23,129.71,Headphones,HYE01
1202,2025-11-23,473.2,Mouse,RUS01
1146,2025-11-23,1145.65,Phone,MUS01
1136,2025-11-23,353.18,Keyboard,KGL01
1133,2025-11-23,257.96,Phone,KGL02
1286,2025-11-23,1170.01,Headphones,MUS01
1244,2025-11-23,863.76,Monitor,KGL01
1229,2025-11-23,331.97,Tablet,MUS01
1135,2025-11-23,501.29,Keyboard,KGL02
1178,2025-11-23,167.24,Tablet,KGL01
1322,2025-11-23,749.41,Printer,KGL02
1203,2025-11-23,643.62,Monitor,MUS01
1272,2025-11-23,896.11,Phone,HYE01
1396,2025-11-23,31.67,Tablet,HYE01
1399,2025-11-24,996.57,Laptop,RUS01
1017,2025-11-24,922.13,Phone,KGL01
1216,2025-11-24,516.41,Tablet,KGL02
1252,2025-11-24,548.32,Phone,HYE01
1030,2025-11-24,248.14,Phone,KGL02
1340,2025-11-24,1107.44,Tablet,KGL01
1316,2025-11-24,327.24,Tablet,RUS01
1227,2025-11-24,1016.2,Laptop,RUS01
1170,2025-11-24,399.85,Headphones,MUS01
1016,2025-11-24,810.9,Keyboard,RUS01
1220,2025-11-24,1086.36,Phone,KGL01
1202,2025-11-24,1154.25,Monitor,KGL01
1076,2025-11-24,961.01,Monitor,RUS01
1260,2025-11-24,379.96,Keyboard,HYE01
1395,2025-11-24,282.9,Monitor,KGL02
1400,2025-11-24,442.23,Mouse,RUS01
1113,2025-11-24,835.92,Printer,RUS01
1110,2025-11-24,913.66,Laptop,KGL02
1035,2025-11-24,867.1,Printer,KGL02
1218,2025-11-24,362.24,Phone,KGL02
1038,2025-11-24,1171.93,Monitor,RUS01
1171,2025-11-24,488.45,Keyboard,KGL01
1391,2025-11-25,855.77,Keyboard,KGL01
1097,2025-11-25,490.16,Monitor,KGL02
1398,2025-11-25,593.49,Tablet,MUS01
1197,2025-11-25,109.43,Printer,MUS01
1217,2025-11-25,491.89,Monitor,RUS01
1034,2025-11-25,461.17,Keyboard,KGL01
1221,2025-11-25,764.31,Mouse,HYE01
1308,2025-11-25,824.08,Monitor,RUS01
1071,2025-11-25,955.16,Tablet,KGL01
1078,2025-11-25,1104.01,Laptop,MUS01
1300,2025-11-25,618.32,Mouse,KGL02
1352,2025-11-25,854.1,Tablet,KGL02
1353,2025-11-25,518.01,Tablet,RUS01
1116,2025-11-25,38.91,Headphones,KGL01
1294,2025-11-25,966.51,Keyboard,MUS01
1160,2025-11-25,1132.69,Keyboard,MUS01
1295,2025-11-25,617.1,Laptop,KGL01
1008,2025-11-25,381.26,Headphones,HYE01
1303,2025-11-25,45.75,Phone,RUS01
1323,2025-11-25,350.18,Keyboard,MUS01
1276,2025-11-25,204.66,Monitor,MUS01
1015,2025-11-25,664.97,Phone,RUS01
1320,2025-11-26,633.86,Printer,HYE01
1178,2025-11-26,671.4,Keyboard,RUS01
1235,2025-11-26,372.79,Headphones,KGL01
1193,2025-11-26,435.85,Printer,KGL01
1224,2025-11-26,911.45,Phone,RUS01
1139,2025-11-26,875.88,Phone,MUS01
1258,2025-11-26,902.41,Headphones,MUS01
1041,2025-11-26,160.39,Monitor,KGL01
1092,2025-11-26,1052.01,Headphones,MUS01
1288,2025-11-26,1086.04,Mouse,MUS01
1030,2025-11-26,372.82,Laptop,KGL01
1023,2025-11-26,319.52,Mouse,MUS01
1327,2025-11-26,73.61,Keyboard,MUS01
1231,2025-11-26,119.2,Keyboard,KGL01
1313,2025-11-26,1110.66,Mouse,RUS01
1044,2025-11-26,809.86,Laptop,RUS01
1063,2025-11-26,199.78,Phone,KGL01
1139,2025-11-26,937.4,Tablet,KGL01
1282,2025-11-26,589.65,Headphones,RUS01
1092,2025-11-26,357.19,Laptop,KGL01
1151,2025-11-26,101.07,Headphones,RUS01
1190,2025-11-26,306.82,Monitor,KGL02
1017,2025-11-26,632.03,Laptop,KGL02
1330,2025-11-26,401.37,Laptop,MUS01
1229,2025-11-26,964.61,Phone,HYE01
1164,2025-11-26,372.48,Headphones,KGL01
1186,2025-11-26,337.16,Printer,KGL01
1206,2025-11-27,373.86,Phone,RUS01
1189,2025-11-27,521.41,Keyboard,HYE01
1110,2025-11-27,1197.02,Keyboard,MUS01
1227,2025-11-27,16.26,Laptop,MUS01
1017,2025-11-27,301.34,Keyboard,KGL01
1278,2025-11-27,729.71,Headphones,MUS01
1075,2025-11-27,997.5,Laptop,HYE01
1071,2025-11-27,253.13,Headphones,KGL01
1334,2025-11-27,383.97,Printer,KGL02
1060,2025-11-27,656.35,Tablet,MUS01
1352,2025-11-27,200.02,Headphones,RUS01
1120,2025-11-27,718.51,Phone,RUS01
1129,2025-11-27,74.2,Laptop,HYE01
1103,2025-11-27,960.75,Keyboard,KGL02
1395,2025-11-27,1046.29,Phone,MUS01
1281,2025-11-27,732.45,Phone,KGL01
1184,2025-11-27,1024.51,Tablet,KGL01
1157,2025-11-27,371.79,Headphones,HYE01
1248,2025-11-27,1078.04,Printer,RUS01
1203,2025-11-27,312.17,Laptop,KGL02
1296,2025-11-27,763.02,Laptop,MUS01
1249,2025-11-27,222.82,Mouse,HYE01
1220,2025-11-27,321.71,Laptop,KGL01
1195,2025-11-28,599.9,Laptop,KGL01
1300,2025-11-28,677.73,Printer,KGL02
1192,2025-11-28,250.2,Mouse,HYE01
1397,2025-11-28,1119.09,Headphones,RUS01
1314,2025-11-28,89.02,Keyboard,KGL01
1298,2025-11-28,171.65,Mouse,RUS01
1026,2025-11-28,1186.04,Headphones,HYE01
1345,2025-11-28,996.06,Headphones,MUS01
1231,2025-11-28,92.03,Printer,HYE01
1014,2025-11-28,892.89,Tablet,HYE01
1030,2025-11-28,758.27,Laptop,MUS01
1183,2025-11-28,189.59,Headphones,MUS01
1022,2025-11-28,1096.22,Keyboard,MUS01
1331,2025-11-28,182.09,Monitor,RUS01
1352,2025-11-28,89.19,Printer,HYE01
1339,2025-11-28,1045.11,Monitor,MUS01
1196,2025-11-28,639.64,Keyboard,MUS01
1383,2025-11-28,1119.51,Monitor,RUS01
1082,2025-11-28,644.6,Monitor,HYE01
1300,2025-11-28,466.82,Laptop,KGL01
1040,2025-11-28,645.74,Printer,KGL02
1036,2025-11-28,714.75,Printer,KGL01
1287,2025-11-28,867.93,Phone,KGL01
1137,2025-11-28,848.03,Monitor,MUS01
1373,2025-11-28,1040.97,Printer,MUS01
1298,2025-11-29,536.7,Tablet,KGL01
1266,2025-11-29,475.33,Tablet,HYE01
1109,2025-11-29,133.2,Phone,KGL02
1127,2025-11-29,1174.02,Tablet,KGL02
1213,2025-11-29,79.38,Mouse,KGL02
1291,2025-11-29,799.7,Mouse,HYE01
1338,2025-11-29,145.05,Tablet,KGL02
1219,2025-11-29,352.37,Laptop,RUS01
1239,2025-11-29,356.09,Printer,KGL02
1053,2025-11-29,1111.43,Mouse,KGL02
1109,2025-11-29,376.29,Keyboard,HYE01
1138,2025-11-29,649.77,Printer,KGL01
1174,2025-11-29,917.95,Monitor,HYE01
1196,2025-11-29,562.59,Headphones,RUS01
1131,2025-11-29,505.45,Mouse,RUS01
1341,2025-11-29,720.28,Headphones,HYE01
1289,2025-11-30,92.24,Headphones,KGL01
1208,2025-11-30,1068.29,Monitor,HYE01
1239,2025-11-30,1141.88,Monitor,KGL02
1073,2025-11-30,466.01,Keyboard,RUS01
1005,2025-11-30,575.65,Headphones,HYE01
1052,2025-11-30,1143.26,Laptop,MUS01
1307,2025-11-30,272.45,Monitor,KGL02
1237,2025-11-30,1186.62,Tablet,RUS01
1007,2025-11-30,810.3,Mouse,KGL02
1127,2025-11-30,543.15,Monitor,KGL01
1184,2025-11-30,856.19,Phone,KGL02
1316,2025-11-30,853.43,Headphones,RUS01
1160,2025-11-30,914.75,Monitor,MUS01
1010,2025-11-30,188.53,Headphones,MUS01
1092,2025-11-30,283.76,Phone,HYE01
1068,2025-11-30,1152.57,Keyboard,RUS01
1181,2025-11-30,561.35,Phone,KGL02
1230,2025-11-30,1135.15,Monitor,RUS01
1378,2025-11-30,1054.74,Mouse,KGL02
1244,2025-12-01,201.91,Tablet,RUS01
1112,2025-12-01,760.51,Mouse,HYE01
1376,2025-12-01,936.92,Laptop,KGL02
1258,2025-12-01,145.91,Keyboard,MUS01
1264,2025-12-01,383.96,Laptop,KGL02
1373,2025-12-01,1135.73,Monitor,KGL01
1346,2025-12-01,930.22,Laptop,HYE01
1226,2025-12-01,144.69,Mouse,RUS01
1266,2025-12-01,1123.1,Printer,KGL01
1373,2025-12-01,353.18,Headphones,MUS01
1334,2025-12-01,77.98,Headphones,MUS01
1075,2025-12-01,84.22,Mouse,HYE01
1051,2025-12-01,711.27,Laptop,KGL02
1280,2025-12-01,732.41,Keyboard,MUS01
1284,2025-12-01,28.57,Tablet,RUS01
1365,2025-12-01,750.47,Headphones,RUS01
1284,2025-12-01,370.08,Keyboard,MUS01
1280,2025-12-01,745.56,Laptop,RUS01
1221,2025-12-01,1143.86,Phone,KGL02
1087,2025-12-01,479.6,Keyboard,KGL01
1091,2025-12-01,1184.47,Keyboard,MUS01
1400,2025-12-01,678.66,Phone,RUS01
1131,2025-12-01,704.13,Phone,MUS01
1280,2025-12-01,183.45,Tablet,HYE01
1129,2025-12-01,872.69,Keyboard,RUS01
1280,2025-12-01,52.27,Headphones,MUS01
1055,2025-12-01,714.91,Phone,MUS01
1045,2025-12-01,208.17,Phone,MUS01
1031,2025-12-02,399.0,Monitor,RUS01
1332,2025-12-02,505.45,Tablet,KGL02
1290,2025-12-02,1064.12,Keyboard,HYE01
1103,2025-12-02,160.06,Phone,KGL02
1068,2025-12-02,199.59,Printer,KGL01
1367,2025-12-02,116.72,Headphones,KGL02
1023,2025-12-02,154.05,Headphones,RUS01
1060,2025-12-02,627.9,Phone,RUS01
1258,2025-12-02,624.55,Monitor,HYE01
1036,2025-12-02,68.17,Laptop,HYE01
1318,2025-12-02,357.69,Laptop,KGL02
1007,2025-12-02,456.49,Laptop,MUS01
1057,2025-12-02,435.52,Mouse,MUS01
1147,2025-12-02,1059.81,Tablet,RUS01
1148,2025-12-02,733.34,Mouse,KGL01
1356,2025-12-02,298.51,Monitor,HYE01
1194,2025-12-02,1061.52,Headphones,MUS01
1370,2025-12-02,252.86,Headphones,HYE01
1001,2025-12-02,308.06,Tablet,MUS01
1177,2025-12-02,26.1,Phone,KGL01
1095,2025-12-03,1081.5,Laptop,MUS01
1083,2025-12-03,731.37,Phone,HYE01
1028,2025-12-03,595.25,Laptop,MUS01
1266,2025-12-03,1046.5,Phone,MUS01
1084,2025-12-03,629.55,Mouse,KGL01
1240,2025-12-03,150.57,Laptop,HYE01
1129,2025-12-03,914.52,Laptop,KGL02
1391,2025-12-03,134.22,Tablet,MUS01
1067,2025-12-03,791.26,Phone,KGL02
1375,2025-12-03,213.45,Printer,KGL02
1118,2025-12-03,107.68,Mouse,HYE01
1350,2025-12-03,69.05,Mouse,KGL01
1128,2025-12-03,675.18,Mouse,KGL02
1053,2025-12-03,59.02,Mouse,KGL01
1391,2025-12-03,847.92,Tablet,HYE01
1312,2025-12-03,506.47,Keyboard,KGL02
1089,2025-12-03,324.78,Monitor,HYE01
1172,2025-12-03,1021.36,Keyboard,KGL01
1346,2025-12-03,666.43,Mouse,MUS01
1000,2025-12-03,415.27,Printer,MUS01
1370,2025-12-04,867.03,Headphones,RUS01
1092,2025-12-04,437.79,Laptop,KGL02
1140,2025-12-04,744.89,Printer,MUS01
1327,2025-12-04,717.77,Keyboard,MUS01
1173,2025-12-04,1073.18,Laptop,HYE01
1039,2025-12-04,928.74,Headphones,HYE01
1299,2025-12-04,80.91,Phone,KGL02
1030,2025-12-04,1067.14,Headphones,HYE01
1219,2025-12-04,61.14,Printer,KGL02
1048,2025-12-04,1008.93,Keyboard,MUS01
1059,2025-12-04,502.88,Keyboard,HYE01
1261,2025-12-04,1065.26,Printer,HYE01
1231,2025-12-04,759.76,Mouse,RUS01
1040,2025-12-04,252.42,Tablet,HYE01
1006,2025-12-04,1086.87,Monitor,KGL01
1323,2025-12-04,604.44,Phone,HYE01
1092,2025-12-04,578.81,Tablet,KGL01
1183,2025-12-04,527.56,Printer,HYE01
1099,2025-12-04,398.29,Printer,RUS01
1236,2025-12-04,1157.7,Printer,RUS01
1202,2025-12-05,1045.51,Monitor,MUS01
1181,2025-12-05,385.43,Monitor,HYE01
1107,2025-12-05,624.82,Mouse,RUS01
1043,2025-12-05,1041.38,Headphones,KGL01
1066,2025-12-05,56.51,Phone,RUS01
1361,2025-12-05,657.54,Keyboard,KGL02
1306,2025-12-05,615.3,Keyboard,RUS01
1313,2025-12-05,271.66,Headphones,MUS01
1108,2025-12-05,47.72,Laptop,KGL01
1078,2025-12-05,745.13,Laptop,KGL02
1110,2025-12-05,846.15,Phone,MUS01
1061,2025-12-05,352.65,Laptop,HYE01
1352,2025-12-05,67.39,Tablet,MUS01
1004,2025-12-05,375.41,Monitor,KGL02
1250,2025-12-05,524.38,Phone,KGL01
1163,2025-12-05,122.9,Mouse,HYE01
1391,2025-12-05,468.58,Tablet,KGL01
1078,2025-12-05,780.88,Headphones,MUS01
1342,2025-12-05,847.61,Printer,RUS01
1137,2025-12-05,507.55,Laptop,RUS01
1287,2025-12-05,423.39,Printer,MUS01
1070,2025-12-05,182.13,Tablet,KGL02
1275,2025-12-05,270.9,Monitor,KGL01
1023,2025-12-05,1081.27,Headphones,KGL02
1285,2025-12-05,689.96,Keyboard,KGL02
1210,2025-12-05,306.69,Headphones,RUS01
1350,2025-12-05,85.39,Printer,KGL02
1251,2025-12-05,608.75,Laptop,KGL02
1246,2025-12-05,134.27,Tablet,MUS01
1136,2025-12-05,325.95,Tablet,KGL02
1074,2025-12-05,444.65,Mouse,KGL02
1144,2025-12-05,163.31,Monitor,KGL01
1148,2025-12-05,865.29,Phone,KGL02
1237,2025-12-05,373.42,Printer,RUS01
1341,2025-12-06,745.53,Printer,KGL01
1103,2025-12-06,177.52,Phone,RUS01
1055,2025-12-06,892.55,Headphones,MUS01
1042,2025-12-06,941.33,Mouse,KGL01
1068,2025-12-06,621.18,Printer,KGL01
1240,2025-12-06,32.05,Keyboard,MUS01
1339,2025-12-06,892.94,Keyboard,RUS01
1351,2025-12-06,38.03,Laptop,KGL02
1140,2025-12-06,474.49,Tablet,KGL02
1329,2025-12-06,214.65,Laptop,KGL02
1131,2025-12-06,195.46,Tablet,RUS01
1204,2025-12-06,533.37,Laptop,MUS01
1202,2025-12-06,162.31,Laptop,MUS01
1089,2025-12-06,660.29,Tablet,KGL02
1020,2025-12-06,835.62,Mouse,RUS01
1130,2025-12-06,230.84,Monitor,MUS01
1094,2025-12-06,1156.54,Mouse,KGL01
1073,2025-12-06,116.95,Keyboard,HYE01
1130,2025-12-06,774.28,Phone,HYE01
1394,2025-12-06,1125.53,Mouse,HYE01
1309,2025-12-06,81.7,Monitor,KGL01
1161,2025-12-06,1012.42,Keyboard,KGL02
1080,2025-12-06,679.88,Phone,KGL01
1312,2025-12-06,564.01,Keyboard,MUS01
1214,2025-12-06,313.79,Tablet,HYE01
1239,2025-12-06,26.89,Headphones,RUS01
1284,2025-12-06,794.65,Laptop,KGL01
1134,2025-12-06,484.1,Tablet,KGL02
1343,2025-12-06,543.64,Headphones,MUS01
1058,2025-12-06,806.73,Keyboard,KGL01
1344,2025-12-06,1103.51,Keyboard,KGL01
1326,2025-12-06,314.55,Monitor,KGL02
1377,2025-12-06,721.75,Phone,MUS01
1004,2025-12-06,960.14,Monitor,KGL01
1360,2025-12-07,1123.28,Monitor,KGL01
1104,2025-12-07,221.28,Monitor,KGL01
1236,2025-12-07,1132.07,Printer,HYE01
1257,2025-12-07,204.16,Mouse,KGL01
1246,2025-12-07,925.29,Mouse,KGL01
1285,2025-12-07,243.9,Laptop,RUS01
1289,2025-12-07,551.41,Headphones,KGL02
1370,2025-12-07,434.16,Mouse,KGL01
1400,2025-12-07,609.68,Mouse,KGL01
1268,2025-12-07,540.69,Mouse,MUS01
1212,2025-12-07,294.37,Headphones,MUS01
1052,2025-12-07,57.99,Headphones,KGL01
1124,2025-12-07,625.19,Keyboard,MUS01
1288,2025-12-07,382.01,Laptop,RUS01
1292,2025-12-07,219.3,Tablet,KGL01
1081,2025-12-07,989.98,Mouse,KGL02
1025,2025-12-07,939.03,Printer,MUS01
1066,2025-12-07,580.36,Laptop,KGL01
1259,2025-12-07,757.8,Monitor,KGL01
1392,2025-12-07,1080.22,Laptop,KGL02
1400,2025-12-07,543.37,Keyboard,KGL02
1148,2025-12-07,1173.47,Mouse,KGL01
1048,2025-12-07,743.3,Monitor,KGL02
1008,2025-12-07,212.15,Headphones,HYE01
1297,2025-12-07,964.98,Phone,MUS01
1172,2025-12-07,1185.82,Monitor,MUS01
1029,2025-12-07,220.56,Mouse,KGL01
1186,2025-12-07,504.71,Monitor,RUS01
1005,2025-12-08,380.84,Tablet,KGL01
1020,2025-12-08,1132.16,Monitor,RUS01
1050,2025-12-08,1048.85,Tablet,KGL01
1231,2025-12-08,1186.95,Printer,KGL02
1249,2025-12-08,1128.72,Printer,RUS01
1200,2025-12-08,675.17,Mouse,KGL01
1260,2025-12-08,647.23,Keyboard,KGL01
1185,2025-12-08,412.25,Printer,KGL02
1002,2025-12-08,796.74,Tablet,MUS01
1130,2025-12-08,341.33,Mouse,MUS01
1140,2025-12-08,820.76,Phone,KGL01
1025,2025-12-08,193.81,Keyboard,KGL02
1108,2025-12-08,803.72,Tablet,KGL01
1079,2025-12-08,210.45,Phone,KGL02
1000,2025-12-08,248.48,Tablet,RUS01
1328,2025-12-08,320.92,Headphones,MUS01
1181,2025-12-08,718.25,Printer,RUS01
1396,2025-12-08,923.63,Phone,KGL01
1047,2025-12-08,61.13,Phone,HYE01
1257,2025-12-08,936.78,Tablet,KGL02
1164,2025-12-09,1135.59,Keyboard,KGL02
1336,2025-12-09,303.86,Tablet,MUS01
1353,2025-12-09,924.88,Headphones,HYE01
1117,2025-12-09,512.8,Mouse,KGL02
1175,2025-12-09,586.48,Monitor,MUS01
1067,2025-12-09,487.03,Printer,MUS01
1166,2025-12-09,110.46,Tablet,KGL02
1082,2025-12-09,760.33,Mouse,KGL01
1311,2025-12-09,985.87,Headphones,HYE01
1057,2025-12-09,13.98,Monitor,HYE01
1380,2025-12-09,294.9,Mouse,RUS01
1039,2025-12-09,895.56,Monitor,KGL01
1182,2025-12-09,377.96,Mouse,HYE01
1243,2025-12-09,780.49,Phone,RUS01
1161,2025-12-09,1164.83,Keyboard,RUS01
1130,2025-12-09,783.16,Phone,KGL01
1189,2025-12-09,81.98,Keyboard,KGL02
1159,2025-12-09,445.17,Tablet,KGL01
1238,2025-12-09,987.69,Headphones,MUS01
1372,2025-12-09,584.76,Mouse,KGL01
1242,2025-12-09,1087.22,Mouse,KGL01
1387,2025-12-09,1189.9,Keyboard,HYE01
1323,2025-12-10,1051.38,Keyboard,MUS01
1324,2025-12-10,261.58,Monitor,KGL01
1205,2025-12-10,288.18,Monitor,HYE01
1387,2025-12-10,1146.04,Monitor,RUS01
1355,2025-12-10,587.08,Phone,KGL01
1285,2025-12-10,797.29,Phone,KGL01
1273,2025-12-10,42.22,Tablet,MUS01
1082,2025-12-10,676.61,Keyboard,KGL02
1313,2025-12-10,626.16,Tablet,KGL01
1107,2025-12-10,704.94,Headphones,RUS01
1211,2025-12-10,188.91,Keyboard,KGL02
1382,2025-12-10,1008.6,Keyboard,MUS01
1309,2025-12-10,72.47,Printer,MUS01
1303,2025-12-10,86.2,Keyboard,RUS01
1239,2025-12-10,407.53,Headphones,RUS01
1311,2025-12-10,271.16,Phone,RUS01
1169,2025-12-10,892.81,Printer,HYE01
1349,2025-12-10,338.75,Mouse,KGL01
1174,2025-12-10,596.68,Headphones,RUS01
1398,2025-12-10,1103.3,Phone,MUS01
1127,2025-12-10,1119.87,Mouse,KGL02
1140,2025-12-10,749.8,Printer,KGL02
1047,2025-12-10,806.81,Headphones,KGL01
1230,2025-12-10,331.8,Headphones,MUS01
1120,2025-12-10,261.73,Printer,MUS01
1003,2025-12-10,530.75,Keyboard,KGL01
1344,2025-12-10,128.31,Monitor,MUS01
1158,2025-12-10,487.34,Monitor,MUS01
1286,2025-12-10,822.01,Keyboard,RUS01
1162,2025-12-11,543.53,Printer,HYE01
1273,2025-12-11,792.94,Printer,MUS01
1007,2025-12-11,1159.43,Printer,KGL02
1077,2025-12-11,280.13,Printer,RUS01
1360,2025-12-11,763.28,Printer,MUS01
1396,2025-12-11,948.07,Mouse,MUS01
1366,2025-12-11,644.03,Keyboard,RUS01
1391,2025-12-11,765.95,Monitor,KGL02
1026,2025-12-11,541.16,Headphones,KGL01
1327,2025-12-11,1072.74,Monitor,RUS01
1280,2025-12-11,316.82,Tablet,KGL02
1373,2025-12-11,328.83,Printer,KGL02
1258,2025-12-11,434.06,Headphones,HYE01
1089,2025-12-11,105.23,Headphones,RUS01
1338,2025-12-11,408.01,Printer,RUS01
1061,2025-12-12,934.83,Mouse,RUS01
1122,2025-12-12,767.61,Monitor,KGL02
1288,2025-12-12,55.9,Headphones,HYE01
1227,2025-12-12,1025.65,Monitor,RUS01
1311,2025-12-12,602.74,Printer,RUS01
1345,2025-12-12,289.16,Monitor,KGL01
1274,2025-12-12,259.55,Tablet,MUS01
1033,2025-12-12,835.01,Laptop,MUS01
1218,2025-12-12,55.38,Tablet,KGL01
1319,2025-12-12,1112.91,Printer,KGL02
1386,2025-12-12,585.47,Mouse,KGL01
1145,2025-12-12,405.67,Mouse,HYE01
1146,2025-12-12,730.87,Keyboard,MUS01
1141,2025-12-12,15.61,Headphones,KGL01
1084,2025-12-12,390.22,Laptop,HYE01
1353,2025-12-12,729.7,Mouse,MUS01
1171,2025-12-12,1181.49,Phone,RUS01
1285,2025-12-12,258.2,Keyboard,HYE01
1099,2025-12-12,818.39,Tablet,MUS01
1219,2025-12-12,248.43,Printer,KGL02
1327,2025-12-12,270.55,Printer,KGL02
1355,2025-12-13,71.95,Monitor,MUS01
1314,2025-12-13,448.86,Printer,KGL02
1378,2025-12-13,16.32,Keyboard,MUS01
1088,2025-12-13,862.3,Laptop,KGL02
1241,2025-12-13,238.22,Laptop,RUS01
1360,2025-12-13,85.61,Headphones,KGL02
1120,2025-12-13,868.08,Tablet,KGL01
1297,2025-12-13,426.62,Phone,KGL02
1156,2025-12-13,786.29,Laptop,HYE01
1052,2025-12-13,106.03,Mouse,KGL02
1120,2025-12-13,447.78,Printer,KGL01
1252,2025-12-13,568.31,Tablet,MUS01
1363,2025-12-13,781.91,Laptop,MUS01
1307,2025-12-13,540.57,Printer,MUS01
1201,2025-12-13,1166.69,Keyboard,KGL02
1358,2025-12-13,239.84,Laptop,RUS01
1307,2025-12-13,1045.33,Monitor,RUS01
1019,2025-12-13,842.36,Keyboard,KGL02
1040,2025-12-14,739.62,Laptop,HYE01
1113,2025-12-14,1144.15,Laptop,KGL02
1231,2025-12-14,815.91,Laptop,KGL01
1230,2025-12-14,300.11,Headphones,MUS01
1061,2025-12-14,895.31,Headphones,KGL01
1185,2025-12-14,780.9,Mouse,HYE01
1099,2025-12-14,208.28,Printer,KGL01
1008,2025-12-14,201.52,Tablet,KGL02
1051,2025-12-14,340.59,Mouse,HYE01
1276,2025-12-14,670.56,Tablet,HYE01
1043,2025-12-14,711.11,Printer,KGL01
1378,2025-12-14,51.25,Tablet,RUS01
1289,2025-12-14,733.1,Mouse,HYE01
1022,2025-12-14,803.29,Keyboard,RUS01
1256,2025-12-14,964.51,Headphones,KGL02
1290,2025-12-14,839.84,Printer,KGL01
1047,2025-12-14,1162.77,Printer,KGL02
1215,2025-12-14,609.42,Phone,KGL02
1343,2025-12-14,861.57,Phone,KGL02
1195,2025-12-14,869.63,Monitor,MUS01
1071,2025-12-15,38.23,Keyboard,RUS01
1191,2025-12-15,1175.35,Phone,KGL01
1386,2025-12-15,168.11,Keyboard,MUS01
1073,2025-12-15,947.26,Headphones,HYE01
1386,2025-12-15,706.43,Phone,KGL02
1391,2025-12-15,892.31,Headphones,KGL01
1090,2025-12-15,373.59,Monitor,KGL02
1274,2025-12-15,469.43,Phone,MUS01
1292,2025-12-15,137.87,Tablet,MUS01
1087,2025-12-15,1014.09,Printer,RUS01
1105,2025-12-15,110.2,Phone,MUS01
1098,2025-12-15,235.11,Tablet,KGL01
1314,2025-12-15,680.29,Laptop,KGL02
1112,2025-12-15,734.85,Laptop,RUS01
1136,2025-12-15,575.71,Phone,HYE01
1133,2025-12-15,28.96,Mouse,KGL01
1276,2025-12-15,789.49,Mouse,KGL01
1233,2025-12-15,856.17,Headphones,HYE01
1298,2025-12-15,954.23,Laptop,MUS01
1023,2025-12-15,649.18,Monitor,HYE01
1197,2025-12-15,923.45,Tablet,MUS01
1053,2025-12-15,781.51,Monitor,KGL01
1061,2025-12-16,580.57,Mouse,MUS01
1098,2025-12-16,355.44,Mouse,KGL01
1165,2025-12-16,1159.19,Keyboard,HYE01
1367,2025-12-16,367.76,Phone,RUS01
1097,2025-12-16,1063.62,Laptop,RUS01
1328,2025-12-16,240.81,Phone,KGL02
1399,2025-12-16,1031.42,Laptop,MUS01
1151,2025-12-16,1143.14,Printer,RUS01
1076,2025-12-16,208.84,Monitor,RUS01
1335,2025-12-16,754.67,Monitor,RUS01
1141,2025-12-16,518.69,Laptop,KGL01
1309,2025-12-16,307.61,Phone,KGL02
1281,2025-12-16,425.39,Tablet,MUS01
1091,2025-12-16,953.33,Headphones,MUS01
1298,2025-12-16,956.45,Headphones,RUS01
1305,2025-12-16,718.07,Phone,RUS01
1353,2025-12-16,463.4,Mouse,KGL01
1333,2025-12-16,1072.82,Headphones,KGL02
1050,2025-12-16,701.9,Tablet,HYE01
1000,2025-12-16,675.55,Mouse,MUS01
1250,2025-12-16,859.19,Phone,RUS01
1389,2025-12-17,872.46,Tablet,HYE01
1120,2025-12-17,389.89,Printer,HYE01
1190,2025-12-17,299.12,Printer,KGL01
1184,2025-12-17,93.34,Tablet,HYE01
1356,2025-12-17,343.04,Printer,KGL02
1224,2025-12-17,166.96,Headphones,RUS01
1083,2025-12-17,594.36,Laptop,KGL02
1227,2025-12-17,202.36,Printer,KGL01
1093,2025-12-17,1006.6,Monitor,KGL02
1259,2025-12-17,401.45,Laptop,MUS01
1208,2025-12-17,876.6,Keyboard,KGL02
1153,2025-12-17,832.31,Tablet,MUS01
1338,2025-12-17,317.68,Headphones,KGL01
1106,2025-12-17,919.2,Laptop,KGL01
1325,2025-12-17,919.1,Keyboard,KGL01
1315,2025-12-17,670.1,Mouse,KGL02
1159,2025-12-17,1168.81,Headphones,HYE01
1387,2025-12-18,926.31,Monitor,MUS01
1132,2025-12-18,309.39,Keyboard,MUS01
1151,2025-12-18,362.95,Keyboard,KGL01
1061,2025-12-18,491.23,Monitor,KGL01
1353,2025-12-18,1116.41,Monitor,MUS01
1305,2025-12-18,72.89,Monitor,KGL01
1353,2025-12-18,204.1,Mouse,MUS01
1148,2025-12-18,1055.21,Printer,KGL01
1391,2025-12-18,681.32,Headphones,KGL01
1187,2025-12-18,309.56,Printer,KGL02
1167,2025-12-18,450.59,Mouse,KGL01
1117,2025-12-18,796.14,Monitor,RUS01
1395,2025-12-18,1132.95,Keyboard,KGL02
1304,2025-12-18,1119.98,Keyboard,MUS01
1320,2025-12-18,688.06,Headphones,KGL01
1139,2025-12-18,185.97,Phone,KGL01
1133,2025-12-18,687.73,Monitor,MUS01
1010,2025-12-18,624.44,Keyboard,KGL01
1365,2025-12-18,665.6,Tablet,HYE01
1113,2025-12-18,722.75,Tablet,RUS01
1133,2025-12-18,620.78,Headphones,KGL02
1348,2025-12-18,361.78,Mouse,HYE01
1026,2025-12-19,460.92,Printer,MUS01
1145,2025-12-19,1051.25,Monitor,KGL02
1210,2025-12-19,538.7,Monitor,HYE01
1282,2025-12-19,416.14,Headphones,HYE01
1349,2025-12-19,351.91,Mouse,HYE01
1364,2025-12-19,239.3,Mouse,KGL01
1281,2025-12-19,859.44,Phone,KGL01
1302,2025-12-19,639.13,Monitor,MUS01
1377,2025-12-19,392.25,Phone,MUS01
1359,2025-12-19,740.06,Printer,RUS01
1277,2025-12-19,404.06,Tablet,KGL02
1186,2025-12-19,444.73,Printer,KGL02
1048,2025-12-19,177.82,Headphones,KGL01
1133,2025-12-19,74.95,Monitor,MUS01
1135,2025-12-19,1070.79,Mouse,HYE01
1022,2025-12-19,745.71,Phone,MUS01
1136,2025-12-19,908.07,Headphones,MUS01
1009,2025-12-19,945.51,Tablet,MUS01
1102,2025-12-19,992.95,Tablet,RUS01
1237,2025-12-19,627.19,Headphones,HYE01
1136,2025-12-19,842.49,Monitor,HYE01
1248,2025-12-19,923.03,Tablet,RUS01
1084,2025-12-19,488.78,Tablet,KGL01
1249,2025-12-20,222.66,Laptop,KGL01
1116,2025-12-20,999.82,Keyboard,MUS01
1103,2025-12-20,887.43,Phone,MUS01
1233,2025-12-20,115.4,Keyboard,KGL02
1161,2025-12-20,815.87,Phone,MUS01
1369,2025-12-20,914.05,Headphones,KGL01
1399,2025-12-20,671.8,Phone,RUS01
1012,2025-12-20,559.91,Laptop,KGL02
1225,2025-12-20,562.5,Monitor,KGL02
1348,2025-12-20,720.2,Mouse,RUS01
1213,2025-12-20,503.74,Monitor,HYE01
1285,2025-12-20,179.17,Printer,KGL02
1154,2025-12-20,17.18,Keyboard,KGL02
1387,2025-12-20,1195.44,Headphones,MUS01
1024,2025-12-20,162.34,Mouse,HYE01
1359,2025-12-20,537.77,Keyboard,MUS01
1348,2025-12-20,148.8,Phone,RUS01
1157,2025-12-20,464.02,Phone,MUS01
1133,2025-12-20,122.06,Headphones,KGL01
1344,2025-12-20,1134.83,Mouse,KGL02
1320,2025-12-20,223.41,Tablet,MUS01
1290,2025-12-20,862.83,Keyboard,HYE01
1322,2025-12-20,499.18,Headphones,RUS01
1351,2025-12-20,488.14,Phone,MUS01
1137,2025-12-21,1107.66,Keyboard,KGL02
1348,2025-12-21,755.61,Laptop,KGL02
1325,2025-12-21,620.06,Tablet,HYE01
1343,2025-12-21,48.21,Tablet,MUS01
1028,2025-12-21,526.1,Monitor,MUS01
1043,2025-12-21,348.78,Printer,RUS01
1278,2025-12-21,1128.23,Mouse,HYE01
1194,2025-12-21,514.78,Keyboard,HYE01
1282,2025-12-21,147.34,Keyboard,HYE01
1367,2025-12-21,717.09,Laptop,KGL01
1202,2025-12-21,942.77,Laptop,KGL01
1356,2025-12-21,487.99,Phone,HYE01
1255,2025-12-21,723.64,Phone,KGL01
1333,2025-12-21,875.28,Phone,KGL01
1172,2025-12-21,830.32,Tablet,KGL01
1277,2025-12-21,175.37,Monitor,HYE01
1273,2025-12-22,1059.3,Phone,MUS01
1092,2025-12-22,1090.4,Printer,MUS01
1377,2025-12-22,424.96,Tablet,HYE01
1197,2025-12-22,926.42,Keyboard,MUS01
1140,2025-12-22,329.49,Monitor,RUS01
1147,2025-12-22,112.27,Tablet,KGL01
1219,2025-12-22,482.53,Mouse,RUS01
1338,2025-12-22,737.96,Laptop,MUS01
1134,2025-12-22,264.24,Mouse,MUS01
1279,2025-12-22,1011.0,Keyboard,HYE01
1307,2025-12-22,888.79,Tablet,HYE01
1212,2025-12-22,430.84,Tablet,RUS01
1341,2025-12-22,689.59,Mouse,RUS01
1395,2025-12-22,609.42,Printer,HYE01
1362,2025-12-22,396.52,Laptop,HYE01
1299,2025-12-22,832.15,Headphones,KGL02
1215,2025-12-22,627.88,Tablet,RUS01
1339,2025-12-22,453.44,Keyboard,MUS01
1165,2025-12-22,292.87,Phone,HYE01
1308,2025-12-22,463.53,Headphones,HYE01
1295,2025-12-22,896.68,Monitor,MUS01
1099,2025-12-22,1056.47,Printer,MUS01
1224,2025-12-22,461.46,Laptop,KGL02
1017,2025-12-23,146.54,Tablet,KGL01
1079,2025-12-23,45.73,Laptop,KGL01
1343,2025-12-23,276.29,Keyboard,HYE01
1362,2025-12-23,249.14,Mouse,KGL02
1029,2025-12-23,600.87,Keyboard,HYE01
1151,2025-12-23,1015.28,Phone,KGL02
1261,2025-12-23,388.56,Printer,RUS01
1198,2025-12-23,345.1,Monitor,KGL01
1065,2025-12-23,720.46,Printer,HYE01
1030,2025-12-23,709.08,Tablet,KGL02
1396,2025-12-23,1044.33,Mouse,KGL01
1380,2025-12-23,612.09,Keyboard,KGL02
1167,2025-12-23,694.31,Tablet,KGL01
1311,2025-12-23,1107.36,Tablet,KGL02
1091,2025-12-23,1024.96,Keyboard,KGL02
1246,2025-12-23,60.1,Phone,MUS01
1330,2025-12-23,828.14,Laptop,RUS01
1213,2025-12-23,293.72,Monitor,MUS01
1208,2025-12-23,469.3,Tablet,RUS01
1110,2025-12-23,743.14,Laptop,MUS01
1257,2025-12-23,896.2,Mouse,HYE01
1114,2025-12-23,273.44,Phone,RUS01
1091,2025-12-24,701.88,Headphones,KGL02
1168,2025-12-24,780.39,Mouse,HYE01
1279,2025-12-24,326.87,Monitor,RUS01
1292,2025-12-24,675.64,Headphones,KGL02
1283,2025-12-24,784.93,Phone,MUS01
1038,2025-12-24,296.02,Tablet,KGL02
1043,2025-12-24,387.12,Keyboard,KGL02
1109,2025-12-24,1000.99,Tablet,RUS01
1320,2025-12-24,491.64,Printer,HYE01
1035,2025-12-24,622.22,Tablet,KGL01
1070,2025-12-24,661.45,Tablet,RUS01
1019,2025-12-24,836.83,Printer,MUS01
1179,2025-12-24,450.07,Tablet,HYE01
1028,2025-12-24,699.04,Headphones,KGL01
1155,2025-12-24,832.63,Phone,HYE01
1087,2025-12-24,671.96,Printer,KGL02
1154,2025-12-24,944.39,Headphones,RUS01
1310,2025-12-24,569.79,Printer,RUS01
1183,2025-12-24,613.64,Phone,RUS01
1197,2025-12-25,810.89,Headphones,MUS01
1072,2025-12-25,332.42,Mouse,KGL02
1213,2025-12-25,251.71,Headphones,MUS01
1328,2025-12-25,905.46,Mouse,MUS01
1026,2025-12-25,578.26,Tablet,MUS01
1344,2025-12-25,323.51,Mouse,HYE01
1007,2025-12-25,1003.48,Headphones,HYE01
1268,2025-12-25,460.21,Printer,RUS01
1191,2025-12-25,147.09,Phone,KGL01
1225,2025-12-25,1174.93,Phone,HYE01
1248,2025-12-25,149.87,Headphones,KGL02
1259,2025-12-25,233.0,Mouse,HYE01
1386,2025-12-25,336.13,Printer,KGL02
1245,2025-12-25,258.96,Laptop,HYE01
1365,2025-12-25,49.65,Tablet,KGL01
1215,2025-12-25,1159.44,Monitor,KGL01
1116,2025-12-25,896.15,Printer,HYE01
1160,2025-12-25,551.07,Monitor,KGL02
1389,2025-12-25,316.08,Monitor,RUS01
1150,2025-12-25,1067.6,Laptop,RUS01
1134,2025-12-25,1097.41,Printer,MUS01
1235,2025-12-25,500.29,Monitor,HYE01
1375,2025-12-25,109.41,Monitor,KGL01
1112,2025-12-25,925.42,Keyboard,RUS01
1297,2025-12-26,672.0,Keyboard,MUS01
1345,2025-12-26,281.21,Mouse,RUS01
1112,2025-12-26,315.73,Mouse,KGL02
1236,2025-12-26,967.01,Laptop,MUS01
1037,2025-12-26,254.74,Phone,KGL02
1117,2025-12-26,464.21,Monitor,KGL01
1223,2025-12-26,875.92,Phone,HYE01
1028,2025-12-26,915.64,Mouse,KGL02
1303,2025-12-26,1193.84,Headphones,MUS01
1323,2025-12-26,661.18,Headphones,KGL01
1094,2025-12-26,481.36,Printer,KGL01
1097,2025-12-26,57.31,Headphones,HYE01
1337,2025-12-26,117.29,Printer,KGL01
1378,2025-12-26,953.07,Printer,KGL01
1396,2025-12-26,1029.25,Tablet,KGL02
1119,2025-12-26,672.81,Phone,KGL01
1366,2025-12-27,507.53,Mouse,RUS01
1216,2025-12-27,666.3,Mouse,RUS01
1018,2025-12-27,411.69,Phone,KGL02
1269,2025-12-27,634.52,Keyboard,MUS01
1230,2025-12-27,985.5,Monitor,KGL02
1303,2025-12-27,896.88,Headphones,RUS01
1124,2025-12-27,458.37,Phone,KGL01
1180,2025-12-27,880.54,Phone,HYE01
1123,2025-12-27,451.4,Laptop,KGL02
1252,2025-12-27,934.21,Keyboard,MUS01
1384,2025-12-27,1066.32,Mouse,KGL01
1113,2025-12-27,612.01,Tablet,RUS01
1062,2025-12-27,583.52,Headphones,RUS01
1042,2025-12-27,295.74,Keyboard,MUS01
1222,2025-12-27,321.17,Phone,KGL02
1226,2025-12-27,173.94,Tablet,KGL02
1032,2025-12-27,293.56,Mouse,HYE01
1073,2025-12-27,140.33,Keyboard,KGL02
1286,2025-12-27,948.66,Headphones,HYE01
1083,2025-12-27,573.8,Monitor,RUS01
1289,2025-12-27,111.78,Phone,KGL01
1315,2025-12-27,876.62,Monitor,HYE01
1298,2025-12-27,369.77,Mouse,MUS01
1157,2025-12-28,816.17,Keyboard,MUS01
1240,2025-12-28,602.57,Phone,HYE01
1242,2025-12-28,1029.67,Monitor,RUS01
1115,2025-12-28,45.24,Mouse,MUS01
1366,2025-12-28,780.66,Laptop,KGL01
1381,2025-12-28,313.41,Keyboard,MUS01
1356,2025-12-28,221.39,Keyboard,KGL01
1177,2025-12-28,660.24,Keyboard,KGL01
1043,2025-12-28,33.85,Laptop,MUS01
1179,2025-12-28,615.37,Mouse,KGL02
1311,2025-12-28,781.73,Monitor,RUS01
1190,2025-12-28,1180.67,Printer,KGL01
1344,2025-12-28,496.01,Laptop,RUS01
1385,2025-12-28,379.94,Mouse,KGL02
1122,2025-12-28,456.9,Headphones,KGL01
1066,2025-12-28,866.88,Mouse,MUS01
1072,2025-12-28,234.16,Tablet,KGL01
1140,2025-12-28,403.64,Phone,RUS01
1121,2025-12-29,612.96,Printer,KGL02
1163,2025-12-29,772.95,Laptop,HYE01
1098,2025-12-29,517.77,Monitor,KGL01
1226,2025-12-29,412.32,Mouse,RUS01
1265,2025-12-29,148.88,Phone,HYE01
1175,2025-12-29,298.03,Keyboard,RUS01
1233,2025-12-29,737.06,Keyboard,RUS01
1061,2025-12-29,204.32,Keyboard,KGL02
1092,2025-12-29,1051.16,Phone,KGL02
1132,2025-12-29,998.74,Monitor,HYE01
1361,2025-12-29,702.03,Keyboard,RUS01
1343,2025-12-29,677.72,Phone,MUS01
1023,2025-12-29,351.78,Tablet,KGL01
1115,2025-12-29,95.64,Tablet,RUS01
1219,2025-12-29,980.0,Headphones,HYE01
1214,2025-12-29,373.7,Printer,HYE01
1263,2025-12-29,486.5,Printer,RUS01
1397,2025-12-29,690.15,Printer,KGL02
1379,2025-12-29,895.65,Phone,HYE01
1312,2025-12-29,236.56,Mouse,HYE01
1115,2025-12-30,252.3,Phone,KGL02
1235,2025-12-30,1048.61,Phone,HYE01
1119,2025-12-30,55.97,Headphones,KGL02
1187,2025-12-30,159.77,Printer,HYE01
1398,2025-12-30,215.86,Tablet,KGL02
1315,2025-12-30,282.97,Phone,KGL01
1064,2025-12-30,1186.08,Printer,KGL01
1243,2025-12-30,777.23,Phone,MUS01
1359,2025-12-30,164.13,Printer,MUS01
1027,2025-12-30,807.28,Monitor,MUS01
1246,2025-12-30,1038.27,Phone,HYE01
1363,2025-12-30,858.31,Tablet,HYE01
1289,2025-12-30,271.69,Monitor,KGL01
1389,2025-12-30,531.92,Laptop,KGL02
1306,2025-12-30,155.01,Phone,MUS01
1117,2025-12-30,385.36,Keyboard,KGL02
1323,2025-12-30,1140.22,Mouse,KGL01
1188,2025-12-30,402.52,Tablet,HYE01
1055,2025-12-30,347.33,Monitor,HYE01
1348,2025-12-30,684.45,Laptop,KGL02
1066,2025-12-30,303.51,Mouse,KGL01
